0
1	0	0	0	
3.72529e-009	1	0	3.72529e-008	
-5.58794e-009	0	1	0	
0	0	0	1	
1
0.99999	0.00202877	0.0039182	-0.00215932	
-0.00202722	0.999998	-0.000398278	-0.000454113	
-0.00391901	0.000390321	0.999992	-0.000364006	
0	0	0	1	
2
0.999998	0.000101762	0.00176381	-0.00163148	
-9.6757e-005	0.999996	-0.0028353	0.000364125	
-0.0017641	0.00283515	0.999994	-0.000779986	
0	0	0	1	
3
0.999995	0.000194838	0.00322178	-0.00248501	
-0.000187693	0.999997	-0.00221664	-0.000382461	
-0.00322222	0.00221604	0.999992	-0.000627279	
0	0	0	1	
4
0.999984	0.000320237	0.00573419	-0.00395185	
-0.000291383	0.999987	-0.00503221	0.000628076	
-0.00573574	0.00503048	0.999971	-0.000257671	
0	0	0	1	
5
0.999994	0.00134902	0.00308865	-0.00383829	
-0.00134448	0.999998	-0.00147438	-0.00138389	
-0.00309064	0.00147024	0.999994	-0.0012753	
0	0	0	1	
6
0.999999	0.00110323	-0.000331467	-0.00356416	
-0.00110402	0.999996	-0.0024001	-0.000715353	
0.000328815	0.00240046	0.999997	-0.00140607	
0	0	0	1	
7
0.999998	0.00157049	-0.00155032	-0.00389674	
-0.00157811	0.999987	-0.00492144	0.00111526	
0.00154255	0.00492382	0.999987	-0.000318408	
0	0	0	1	
8
0.999985	0.00504242	0.00202978	-0.00634951	
-0.00503676	0.999983	-0.00278243	0.000616565	
-0.00204378	0.00277218	0.999994	-0.00030148	
0	0	0	1	
9
0.99999	0.00442052	0.0010878	-0.00661878	
-0.00442252	0.999989	0.00184852	-0.000794895	
-0.00107963	-0.00185329	0.999998	-0.000311255	
0	0	0	1	
10
0.99999	0.00429633	-0.000836376	-0.00640547	
-0.00429492	0.999989	0.00168011	-0.000385873	
0.000843571	-0.00167653	0.999998	0.000842452	
0	0	0	1	
11
0.999993	0.00191269	-0.00329686	-0.00503547	
-0.00191424	0.999998	-0.000469565	9.76399e-005	
0.00329595	0.000475883	0.999994	0.0010094	
0	0	0	1	
12
0.999989	0.00451592	-0.00131757	-0.00597508	
-0.00451382	0.999989	0.00159103	-0.00207116	
0.00132473	-0.00158507	0.999998	0.000960886	
0	0	0	1	
13
0.999995	0.00196061	-0.00261552	-0.0053871	
-0.00196612	0.999996	-0.00210461	-0.000799358	
0.00261137	0.00210974	0.999994	0.000608087	
0	0	0	1	
14
1	0.00018548	0.000572575	-0.00685918	
-0.000184266	0.999998	-0.0021182	-0.000915885	
-0.000572978	0.00211808	0.999998	0.000490546	
0	0	0	1	
15
0.999997	0.00147733	-0.00169214	-0.00601579	
-0.00147932	0.999998	-0.00117612	-0.00170858	
0.00169039	0.00117862	0.999998	0.000307083	
0	0	0	1	
16
0.999998	0.000889113	-0.00165851	-0.00608262	
-0.000891518	0.999999	-0.00144827	-0.00177691	
0.00165721	0.00144976	0.999998	-0.000266492	
0	0	0	1	
17
0.999989	-0.00224132	-0.00409178	-0.00491212	
0.00223929	0.999997	-0.000503987	-0.00307862	
0.00409289	0.000494778	0.999992	-0.000861526	
0	0	0	1	
18
0.999992	-0.00319547	-0.00221347	-0.00547551	
0.0031878	0.999989	-0.00345853	-0.00233935	
0.00222449	0.00345144	0.999992	-0.00070107	
0	0	0	1	
19
0.999994	-0.00243322	0.00226434	-0.00807888	
0.00244534	0.999983	-0.00536212	-0.00175256	
-0.00225127	0.00536764	0.999983	-0.00167698	
0	0	0	1	
20
0.999995	-0.00301968	0.000441825	-0.00779179	
0.00302178	0.999984	-0.00481522	-0.00163257	
-0.00042728	0.00481656	0.999988	-0.00234467	
0	0	0	1	
21
0.999991	-0.00433219	-5.66803e-005	-0.0072551	
0.00433188	0.99998	-0.00469714	-0.00186972	
7.70185e-005	0.00469688	0.999989	-0.00225192	
0	0	0	1	
22
0.999988	-0.00493798	-0.000263674	-0.00672404	
0.00493568	0.999955	-0.00811177	-0.00109793	
0.000303708	0.00811037	0.999967	-0.00378251	
0	0	0	1	
23
0.999974	-0.00382863	0.00613392	-0.0101873	
0.00390673	0.999911	-0.0127716	0.00100993	
-0.00608448	0.0127952	0.9999	-0.00442034	
0	0	0	1	
24
0.999977	-0.00577441	0.00343771	-0.0097269	
0.00579841	0.999959	-0.00701168	-0.00168481	
-0.00339709	0.0070315	0.999969	-0.00522858	
0	0	0	1	
25
0.999951	-0.00940836	0.00308735	-0.00984701	
0.00943574	0.999915	-0.00897637	-0.000537328	
-0.00300264	0.00900507	0.999955	-0.00419754	
0	0	0	1	
26
0.999935	-0.0111967	0.00225341	-0.00910289	
0.011213	0.99991	-0.00736332	-0.00118809	
-0.00217078	0.00738811	0.99997	-0.00480938	
0	0	0	1	
27
0.999905	-0.0114341	0.00768487	-0.0120766	
0.0114749	0.99992	-0.00528446	-0.00182654	
-0.00762384	0.00537214	0.999956	-0.00537395	
0	0	0	1	
28
0.999883	-0.0142446	0.00562563	-0.0127847	
0.0142988	0.999851	-0.0097149	0.0014547	
-0.00548641	0.00979421	0.999937	-0.005207	
0	0	0	1	
29
0.999857	-0.0161763	0.00501255	-0.0143789	
0.016213	0.999841	-0.00737426	0.00158744	
-0.00489248	0.00745451	0.99996	-0.00588137	
0	0	0	1	
30
0.999825	-0.0185351	-0.00241942	-0.0114763	
0.0185359	0.999828	0.000318199	-0.00175942	
0.0024131	-0.000362992	0.999997	-0.00603867	
0	0	0	1	
31
0.999764	-0.0216578	0.00159487	-0.0136084	
0.0216604	0.999764	-0.00161272	-0.0010041	
-0.00155957	0.00164688	0.999997	-0.00674868	
0	0	0	1	
32
0.999734	-0.023046	0.000869974	-0.0139232	
0.0230463	0.999734	-0.000336975	-0.00199777	
-0.000861991	0.000356942	1	-0.00641179	
0	0	0	1	
33
0.999692	-0.0248114	-0.000229112	-0.0139862	
0.0248116	0.999692	0.00092867	-0.00425648	
0.000205992	-0.000934094	1	-0.00743222	
0	0	0	1	
34
0.999636	-0.0267884	0.00310047	-0.0151398	
0.0267968	0.999637	-0.00271767	-0.00423641	
-0.00302655	0.00279978	0.999992	-0.00789243	
0	0	0	1	
35
0.999537	-0.0301622	0.00408298	-0.0151799	
0.0301908	0.999519	-0.00712159	-0.00242501	
-0.00386622	0.00724161	0.999966	-0.00783437	
0	0	0	1	
36
0.999458	-0.0323517	0.00602334	-0.0160557	
0.0323903	0.999455	-0.00642279	-0.00201914	
-0.00581227	0.00661445	0.999961	-0.00775409	
0	0	0	1	
37
0.999342	-0.0360449	0.00399384	-0.0147052	
0.0360586	0.999344	-0.00341317	-0.00348052	
-0.00386821	0.00355494	0.999986	-0.00759846	
0	0	0	1	
38
0.999244	-0.0387009	0.00379891	-0.0136584	
0.0387082	0.999249	-0.00186318	-0.00459755	
-0.00372396	0.00200877	0.999991	-0.00705045	
0	0	0	1	
39
0.999042	-0.0433833	0.00577734	-0.013251	
0.0433965	0.999056	-0.00216338	-0.00450087	
-0.00567804	0.00241208	0.999981	-0.00784469	
0	0	0	1	
40
0.998957	-0.0438826	0.0126126	-0.0159669	
0.0438832	0.999037	0.000227362	-0.00544295	
-0.0126104	0.000326395	0.99992	-0.00725883	
0	0	0	1	
41
0.99874	-0.0494188	0.00870187	-0.013356	
0.0494485	0.998771	-0.00323498	-0.00380812	
-0.00853132	0.00366119	0.999957	-0.00587052	
0	0	0	1	
42
0.99854	-0.0527488	0.0116001	-0.0136886	
0.0527698	0.998606	-0.00151375	-0.00526793	
-0.0115041	0.00212362	0.999932	-0.00685507	
0	0	0	1	
43
0.998361	-0.0555187	0.0138602	-0.0135808	
0.055529	0.998457	-0.000358582	-0.00659432	
-0.0138189	0.00112766	0.999904	-0.00725853	
0	0	0	1	
44
0.998334	-0.0552542	0.0166275	-0.0147701	
0.0552892	0.998469	-0.00165477	-0.0068268	
-0.0165106	0.00257134	0.99986	-0.00753754	
0	0	0	1	
45
0.998265	-0.0568817	0.0152348	-0.0147556	
0.0569535	0.998368	-0.00431988	-0.00623294	
-0.0149642	0.00518009	0.999875	-0.00809717	
0	0	0	1	
46
0.998235	-0.0572286	0.0158799	-0.0155487	
0.0573476	0.998329	-0.0071412	-0.00515745	
-0.0154447	0.0080393	0.999848	-0.0078429	
0	0	0	1	
47
0.998313	-0.0553148	0.0176403	-0.0162612	
0.0554112	0.998451	-0.00502485	-0.00655882	
-0.017335	0.00599393	0.999832	-0.00856012	
0	0	0	1	
48
0.998083	-0.057427	0.0230923	-0.0188204	
0.057602	0.998315	-0.00698635	-0.00634129	
-0.0226522	0.0083032	0.999709	-0.00886261	
0	0	0	1	
49
0.997717	-0.0613137	0.028293	-0.0221354	
0.0615231	0.998084	-0.006589	-0.00722856	
-0.0278348	0.00831464	0.999578	-0.0098117	
0	0	0	1	
50
0.997323	-0.0651298	0.0332461	-0.0255455	
0.0654386	0.997822	-0.00828475	-0.00698811	
-0.0326341	0.0104381	0.999413	-0.00982612	
0	0	0	1	
51
0.996612	-0.072019	0.0397127	-0.0296363	
0.0724458	0.997328	-0.00941312	-0.00689509	
-0.0389287	0.0122583	0.999167	-0.0106329	
0	0	0	1	
52
0.995832	-0.077506	0.0480852	-0.0349285	
0.0781133	0.996885	-0.0108793	-0.00650311	
-0.0470922	0.0145901	0.998784	-0.0110811	
0	0	0	1	
53
0.994788	-0.0820215	0.0605789	-0.0424069	
0.0827683	0.996519	-0.00991908	-0.00720648	
-0.0595544	0.0148813	0.998114	-0.0118609	
0	0	0	1	
54
0.993586	-0.0900737	0.0683654	-0.0476702	
0.0910824	0.995774	-0.0117784	-0.00659872	
-0.0670156	0.0179297	0.997591	-0.0126029	
0	0	0	1	
55
0.992143	-0.0977443	0.0780907	-0.0540371	
0.0989904	0.995013	-0.0122383	-0.00669543	
-0.076505	0.0198723	0.996871	-0.0131217	
0	0	0	1	
56
0.990761	-0.103342	0.0878263	-0.0602417	
0.10471	0.994441	-0.0111032	-0.00756164	
-0.0861907	0.0201969	0.996074	-0.0142537	
0	0	0	1	
57
0.988571	-0.114945	0.0975416	-0.0661035	
0.116683	0.993093	-0.0122935	-0.00641522	
-0.0954548	0.0235345	0.995156	-0.0146024	
0	0	0	1	
58
0.986073	-0.126266	0.10824	-0.0729095	
0.128296	0.991664	-0.0119669	-0.00585847	
-0.105827	0.025687	0.994053	-0.0147324	
0	0	0	1	
59
0.983453	-0.137799	0.117611	-0.0789197	
0.139876	0.990123	-0.00955096	-0.00615526	
-0.115133	0.0258439	0.993014	-0.0155371	
0	0	0	1	
60
0.979908	-0.152128	0.128985	-0.0850352	
0.154405	0.987977	-0.00778234	-0.00526512	
-0.126251	0.0275421	0.991616	-0.0145273	
0	0	0	1	
61
0.974644	-0.163642	0.152613	-0.0965144	
0.165368	0.986231	0.00140098	-0.00826193	
-0.150741	0.0238718	0.988285	-0.0146017	
0	0	0	1	
62
0.969454	-0.179578	0.167067	-0.103317	
0.180819	0.983485	0.00787812	-0.00899147	
-0.165723	0.0225715	0.985914	-0.0136268	
0	0	0	1	
63
0.963643	-0.192938	0.184845	-0.11165	
0.194072	0.980912	0.0121107	-0.00900084	
-0.183654	0.0242031	0.982693	-0.0121499	
0	0	0	1	
64
0.958943	-0.209087	0.191602	-0.11489	
0.208877	0.977705	0.0215268	-0.0112036	
-0.191831	0.0193782	0.981237	-0.010321	
0	0	0	1	
65
0.953126	-0.22606	0.201116	-0.11825	
0.224913	0.973952	0.0288486	-0.0137962	
-0.202399	0.0177373	0.979142	-0.00887179	
0	0	0	1	
66
0.945848	-0.24307	0.215147	-0.123132	
0.241407	0.969815	0.034386	-0.016042	
-0.21701	0.019414	0.975976	-0.00674421	
0	0	0	1	
67
0.94013	-0.255966	0.225025	-0.126793	
0.253624	0.966485	0.0397651	-0.0182115	
-0.227662	0.0196873	0.973541	-0.00524336	
0	0	0	1	
68
0.934315	-0.27054	0.232086	-0.128971	
0.268001	0.962457	0.043027	-0.0189971	
-0.235014	0.0219986	0.971743	-0.00361586	
0	0	0	1	
69
0.928263	-0.283223	0.241064	-0.131565	
0.279696	0.958813	0.0494746	-0.0216723	
-0.245148	0.0214993	0.969247	-0.00177145	
0	0	0	1	
70
0.922293	-0.291436	0.253851	-0.136309	
0.286094	0.956409	0.0585786	-0.0266118	
-0.259858	0.0185985	0.965468	0.000749469	
0	0	0	1	
71
0.915373	-0.300657	0.267765	-0.142602	
0.294619	0.953506	0.0634586	-0.0299353	
-0.274394	0.0208004	0.961392	0.00343424	
0	0	0	1	
72
0.907748	-0.313486	0.278783	-0.148558	
0.30767	0.94923	0.0655864	-0.0319526	
-0.285189	0.026237	0.958112	0.00578141	
0	0	0	1	
73
0.901514	-0.325033	0.285704	-0.153193	
0.318988	0.945256	0.0688354	-0.0343121	
-0.292437	0.0290804	0.955842	0.00707197	
0	0	0	1	
74
0.895599	-0.338172	0.289037	-0.155551	
0.330894	0.940661	0.0752743	-0.0375538	
-0.297341	0.0282249	0.954354	0.00769585	
0	0	0	1	
75
0.888512	-0.347839	0.299256	-0.161211	
0.34003	0.93704	0.0795921	-0.0398715	
-0.3081	0.0310374	0.950848	0.0105263	
0	0	0	1	
76
0.882206	-0.352216	0.312501	-0.168789	
0.34369	0.935324	0.0839374	-0.0430932	
-0.321854	0.0333536	0.946202	0.0133071	
0	0	0	1	
77
0.877081	-0.362475	0.315184	-0.171046	
0.354693	0.93121	0.0839052	-0.0442957	
-0.323916	0.0382017	0.945314	0.0149231	
0	0	0	1	
78
0.872587	-0.367167	0.32215	-0.175975	
0.359119	0.929282	0.0864156	-0.0462398	
-0.331097	0.0402851	0.942736	0.0164304	
0	0	0	1	
79
0.871546	-0.369568	0.322222	-0.176962	
0.36002	0.928483	0.0911275	-0.0490033	
-0.332855	0.0365847	0.942268	0.0162818	
0	0	0	1	
80
0.870981	-0.371184	0.321891	-0.176676	
0.364167	0.927521	0.0841871	-0.0461618	
-0.32981	0.0438967	0.943026	0.01645	
0	0	0	1	
81
0.870939	-0.370642	0.322629	-0.17655	
0.363576	0.92774	0.0843278	-0.0462938	
-0.330572	0.043856	0.942761	0.016595	
0	0	0	1	
82
0.869781	-0.370378	0.326039	-0.177015	
0.363786	0.927739	0.0834261	-0.0456493	
-0.333379	0.0460462	0.941668	0.017354	
0	0	0	1	
83
0.869759	-0.36909	0.327555	-0.177411	
0.360791	0.928468	0.0881906	-0.0476963	
-0.336674	0.0414742	0.940707	0.0173963	
0	0	0	1	
84
0.86931	-0.369226	0.32859	-0.178843	
0.35991	0.928521	0.0911793	-0.0490654	
-0.338769	0.0389998	0.940061	0.0161654	
0	0	0	1	
85
0.869263	-0.369852	0.32801	-0.178882	
0.360447	0.928284	0.0914738	-0.0489559	
-0.338318	0.0387154	0.940235	0.0157664	
0	0	0	1	
86
0.869156	-0.368554	0.329751	-0.1796	
0.361117	0.928548	0.0859851	-0.0468	
-0.33788	0.0443444	0.940144	0.0154153	
0	0	0	1	
87
0.869211	-0.369777	0.328234	-0.178718	
0.361499	0.928177	0.08835	-0.048219	
-0.337329	0.0418614	0.940456	0.0151421	
0	0	0	1	
88
0.868655	-0.370355	0.329053	-0.17932	
0.362058	0.927933	0.0886238	-0.0489682	
-0.338162	0.0421528	0.940144	0.01455	
0	0	0	1	
89
0.868364	-0.369055	0.331272	-0.18108	
0.360916	0.928415	0.0882348	-0.0495056	
-0.340122	0.0429416	0.9394	0.0146551	
0	0	0	1	
90
0.868862	-0.370592	0.328238	-0.180154	
0.362293	0.927847	0.0885632	-0.0501031	
-0.337375	0.0419692	0.940434	0.0136836	
0	0	0	1	
91
0.869238	-0.370963	0.32682	-0.17986	
0.362514	0.927732	0.0888667	-0.0504357	
-0.336168	0.0412307	0.940899	0.0134995	
0	0	0	1	
92
0.868388	-0.370786	0.32927	-0.181249	
0.363356	0.927643	0.0863217	-0.0492786	
-0.337452	0.0446816	0.940282	0.0130702	
0	0	0	1	
93
0.867175	-0.370423	0.332858	-0.183502	
0.363878	0.927622	0.0843191	-0.0480109	
-0.34	0.0480002	0.9392	0.0143822	
0	0	0	1	
94
0.868094	-0.371789	0.328917	-0.181845	
0.365033	0.927145	0.0845785	-0.0481727	
-0.336399	0.0466433	0.940564	0.0133872	
0	0	0	1	
95
0.865358	-0.371671	0.336178	-0.185551	
0.36581	0.926963	0.083197	-0.0483549	
-0.342547	0.0509823	0.938116	0.0150833	
0	0	0	1	
96
0.862655	-0.374648	0.339803	-0.187317	
0.369654	0.925543	0.0820141	-0.0484486	
-0.345228	0.0548597	0.936914	0.0144957	
0	0	0	1	
97
0.860904	-0.375993	0.342744	-0.188833	
0.370173	0.925066	0.0850045	-0.0503864	
-0.349022	0.0536939	0.935575	0.0146924	
0	0	0	1	
98
0.85636	-0.38066	0.348921	-0.191704	
0.375806	0.922843	0.0844446	-0.0510377	
-0.354144	0.0588115	0.93334	0.0162085	
0	0	0	1	
99
0.850217	-0.386414	0.357513	-0.195611	
0.38255	0.920047	0.0846652	-0.0523154	
-0.361645	0.0647828	0.930062	0.0169526	
0	0	0	1	
100
0.843251	-0.391502	0.368314	-0.201085	
0.388028	0.91754	0.0869201	-0.054224	
-0.371972	0.0696205	0.925629	0.0191382	
0	0	0	1	
101
0.835213	-0.397296	0.38023	-0.207311	
0.393926	0.914682	0.0904379	-0.0559195	
-0.383721	0.0742479	0.92046	0.0206965	
0	0	0	1	
102
0.829197	-0.409263	0.380705	-0.207294	
0.404809	0.909361	0.0958797	-0.0588184	
-0.385438	0.0746095	0.919712	0.0201285	
0	0	0	1	
103
0.820401	-0.416039	0.392241	-0.213016	
0.413826	0.905407	0.0947909	-0.0582293	
-0.394575	0.0845533	0.914965	0.0235794	
0	0	0	1	
104
0.809203	-0.42449	0.4062	-0.22016	
0.421359	0.901108	0.10228	-0.061929	
-0.409446	0.088391	0.908042	0.0267394	
0	0	0	1	
105
0.789271	-0.441647	0.426614	-0.231367	
0.438863	0.891654	0.111141	-0.066156	
-0.429478	0.099505	0.897579	0.0316179	
0	0	0	1	
106
0.779801	-0.449045	0.436198	-0.236554	
0.446375	0.887361	0.115502	-0.0680638	
-0.438931	0.104639	0.892407	0.0330586	
0	0	0	1	
107
0.768991	-0.45896	0.44498	-0.240916	
0.457714	0.881243	0.117932	-0.0691729	
-0.446262	0.112985	0.887741	0.0359182	
0	0	0	1	
108
0.762619	-0.463759	0.450931	-0.244721	
0.45863	0.879267	0.128641	-0.0746706	
-0.456147	0.108706	0.88324	0.0356598	
0	0	0	1	
109
0.751778	-0.470355	0.462165	-0.250656	
0.466609	0.874682	0.131176	-0.074989	
-0.465947	0.117035	0.877038	0.0381398	
0	0	0	1	
110
0.743453	-0.475434	0.470362	-0.255168	
0.47398	0.870742	0.130961	-0.0743209	
-0.471827	0.125579	0.872702	0.0408214	
0	0	0	1	
111
0.733395	-0.481232	0.480154	-0.26053	
0.48243	0.866063	0.131137	-0.0743997	
-0.478951	0.135465	0.867326	0.0423585	
0	0	0	1	
112
0.727235	-0.485158	0.485542	-0.264492	
0.485432	0.863648	0.135895	-0.0766368	
-0.485268	0.13687	0.863586	0.0414869	
0	0	0	1	
113
0.72086	-0.49071	0.489453	-0.267486	
0.488613	0.860661	0.143249	-0.0798777	
-0.491547	0.135891	0.860183	0.0422419	
0	0	0	1	
114
0.715581	-0.4941	0.493771	-0.270437	
0.496922	0.856866	0.13729	-0.0766201	
-0.49093	0.147123	0.858686	0.0416561	
0	0	0	1	
115
0.700583	-0.501111	0.508006	-0.278459	
0.502343	0.851971	0.147635	-0.0799117	
-0.506788	0.151763	0.848607	0.0439221	
0	0	0	1	
116
0.692286	-0.506741	0.513763	-0.281842	
0.506923	0.848206	0.153543	-0.0822188	
-0.513584	0.154143	0.84408	0.0450057	
0	0	0	1	
117
0.681122	-0.51662	0.518821	-0.285204	
0.519186	0.840438	0.155272	-0.0822064	
-0.516254	0.163606	0.840663	0.0456057	
0	0	0	1	
118
0.666135	-0.519546	0.535103	-0.294018	
0.52286	0.836939	0.161712	-0.0845323	
-0.531866	0.172062	0.829164	0.0507987	
0	0	0	1	
119
0.654425	-0.527717	0.541519	-0.297493	
0.529374	0.831139	0.170207	-0.0883389	
-0.539899	0.175278	0.823278	0.0521944	
0	0	0	1	
120
0.642535	-0.53611	0.54748	-0.301262	
0.537414	0.824589	0.176744	-0.0912928	
-0.546201	0.180659	0.81794	0.0544121	
0	0	0	1	
121
0.629944	-0.543552	0.554727	-0.30583	
0.54414	0.81854	0.18413	-0.094608	
-0.55415	0.185857	0.811403	0.056668	
0	0	0	1	
122
0.616272	-0.552456	0.56125	-0.309343	
0.555853	0.809986	0.186949	-0.0956473	
-0.557886	0.196761	0.806256	0.0586331	
0	0	0	1	
123
0.599728	-0.55642	0.575085	-0.316864	
0.558752	0.805646	0.196803	-0.100193	
-0.57282	0.203302	0.794069	0.0640402	
0	0	0	1	
124
0.589987	-0.563256	0.578497	-0.319324	
0.565698	0.799592	0.201592	-0.10254	
-0.576109	0.208318	0.790381	0.0654247	
0	0	0	1	
125
0.574773	-0.566103	0.590901	-0.326262	
0.568927	0.79547	0.208688	-0.105951	
-0.588182	0.216231	0.779285	0.0704757	
0	0	0	1	
126
0.563873	-0.571043	0.596621	-0.329986	
0.575568	0.789805	0.211968	-0.10743	
-0.592257	0.223873	0.774024	0.0720612	
0	0	0	1	
127
0.556714	-0.576457	0.598136	-0.332108	
0.581238	0.784733	0.215306	-0.108777	
-0.593492	0.227796	0.771931	0.0724551	
0	0	0	1	
128
0.543417	-0.578327	0.60847	-0.338529	
0.581659	0.782034	0.22382	-0.112464	
-0.605285	0.232295	0.76136	0.0771423	
0	0	0	1	
129
0.5345	-0.582238	0.612624	-0.34207	
0.587521	0.777039	0.2259	-0.113331	
-0.60756	0.239186	0.757404	0.0776773	
0	0	0	1	
130
0.52737	-0.588221	0.613088	-0.343064	
0.593689	0.771318	0.229351	-0.114941	
-0.607795	0.243031	0.755991	0.0774671	
0	0	0	1	
131
0.514636	-0.589535	0.622573	-0.348893	
0.593596	0.768936	0.237447	-0.118703	
-0.618702	0.247358	0.745668	0.0824876	
0	0	0	1	
132
0.506717	-0.59456	0.624289	-0.351082	
0.599606	0.763359	0.240324	-0.120123	
-0.619443	0.252551	0.743309	0.0822523	
0	0	0	1	
133
0.498244	-0.601152	0.624795	-0.352615	
0.606391	0.756658	0.244458	-0.122188	
-0.619712	0.257071	0.741533	0.0832987	
0	0	0	1	
134
0.482292	-0.604707	0.633817	-0.357994	
0.610018	0.751105	0.252425	-0.126362	
-0.628707	0.264897	0.731134	0.0885982	
0	0	0	1	
135
0.470417	-0.612019	0.63572	-0.359165	
0.613519	0.744637	0.262887	-0.13176	
-0.634273	0.26636	0.725776	0.0915846	
0	0	0	1	
136
0.455056	-0.615171	0.643808	-0.363488	
0.617907	0.738751	0.269143	-0.135081	
-0.641183	0.275338	0.716292	0.0960119	
0	0	0	1	
137
0.436614	-0.622863	0.649161	-0.366164	
0.62226	0.730211	0.282109	-0.141545	
-0.64974	0.280774	0.706402	0.100528	
0	0	0	1	
138
0.419481	-0.6302	0.653363	-0.368361	
0.629398	0.720568	0.290928	-0.146336	
-0.654136	0.289187	0.698912	0.10431	
0	0	0	1	
139
0.400073	-0.636737	0.659172	-0.371082	
0.633266	0.711984	0.303401	-0.152864	
-0.662507	0.296049	0.688069	0.110342	
0	0	0	1	
140
0.366268	-0.647958	0.667831	-0.374026	
0.646003	0.693626	0.318689	-0.162672	
-0.669722	0.314696	0.672636	0.117877	
0	0	0	1	
141
0.352355	-0.652337	0.671045	-0.375937	
0.651285	0.685838	0.324738	-0.166609	
-0.672067	0.322618	0.666516	0.120589	
0	0	0	1	
142
0.337799	-0.659158	0.671865	-0.376869	
0.661192	0.674214	0.329029	-0.169056	
-0.669863	0.333086	0.663579	0.122092	
0	0	0	1	
143
0.323947	-0.663833	0.67408	-0.377883	
0.659603	0.669252	0.342089	-0.175966	
-0.67822	0.333807	0.654669	0.126585	
0	0	0	1	
144
0.306569	-0.665995	0.680049	-0.380679	
0.666514	0.660259	0.346146	-0.178445	
-0.67954	0.347144	0.64631	0.130984	
0	0	0	1	
145
0.292409	-0.67178	0.680594	-0.380576	
0.671029	0.651205	0.354473	-0.182471	
-0.681335	0.353047	0.641202	0.134049	
0	0	0	1	
146
0.272382	-0.673202	0.687464	-0.383776	
0.671052	0.64495	0.36569	-0.188004	
-0.689563	0.361717	0.627426	0.141558	
0	0	0	1	
147
0.260752	-0.679048	0.686223	-0.38306	
0.670767	0.638649	0.377093	-0.194145	
-0.69432	0.361968	0.622012	0.145397	
0	0	0	1	
148
0.246499	-0.682305	0.688258	-0.383949	
0.675694	0.630095	0.382646	-0.197445	
-0.694749	0.370729	0.616347	0.148653	
0	0	0	1	
149
0.227257	-0.684621	0.692566	-0.385905	
0.682475	0.619279	0.388228	-0.200416	
-0.694681	0.384432	0.607973	0.153203	
0	0	0	1	
150
0.217402	-0.689659	0.690729	-0.384645	
0.678506	0.615497	0.400989	-0.206796	
-0.701688	0.381487	0.601749	0.157461	
0	0	0	1	
151
0.200706	-0.691515	0.693919	-0.385804	
0.68602	0.604874	0.404357	-0.208505	
-0.699352	0.394885	0.595795	0.161484	
0	0	0	1	
152
0.18723	-0.693751	0.695452	-0.386415	
0.684934	0.599683	0.413818	-0.212852	
-0.704138	0.39886	0.587453	0.166272	
0	0	0	1	
153
0.173015	-0.696947	0.695939	-0.386259	
0.685404	0.592632	0.423095	-0.21755	
-0.70731	0.403797	0.580224	0.170823	
0	0	0	1	
154
0.157807	-0.698186	0.698308	-0.387303	
0.68837	0.584799	0.429135	-0.220354	
-0.707985	0.412974	0.572896	0.17562	
0	0	0	1	
155
0.145716	-0.700211	0.698907	-0.387839	
0.685651	0.580748	0.438879	-0.225178	
-0.713197	0.415254	0.564725	0.180118	
0	0	0	1	
156
0.128977	-0.69876	0.703633	-0.390909	
0.68782	0.574167	0.444112	-0.227456	
-0.714331	0.426693	0.554675	0.185775	
0	0	0	1	
157
0.117399	-0.702696	0.701738	-0.390254	
0.687705	0.567302	0.453025	-0.231313	
-0.716435	0.429404	0.549848	0.188764	
0	0	0	1	
158
0.104447	-0.704313	0.702163	-0.39043	
0.685259	0.562647	0.462438	-0.235541	
-0.720771	0.432864	0.541404	0.193368	
0	0	0	1	
159
0.0923196	-0.702792	0.70538	-0.392488	
0.686356	0.558137	0.46626	-0.237708	
-0.721382	0.441097	0.533892	0.198198	
0	0	0	1	
160
0.0768248	-0.704281	0.705752	-0.393254	
0.684658	0.551834	0.476155	-0.242359	
-0.724804	0.446618	0.524586	0.20276	
0	0	0	1	
161
0.0631787	-0.705325	0.706063	-0.394403	
0.6871	0.543845	0.481794	-0.244766	
-0.72381	0.454697	0.518989	0.205654	
0	0	0	1	
162
0.0494117	-0.708233	0.704247	-0.393707	
0.686814	0.53603	0.490875	-0.248904	
-0.725152	0.459432	0.51291	0.209153	
0	0	0	1	
163
0.0329213	-0.704605	0.708836	-0.396783	
0.685583	0.53198	0.496963	-0.251502	
-0.72725	0.469605	0.500579	0.215103	
0	0	0	1	
164
0.0210224	-0.704714	0.70918	-0.397927	
0.683422	0.527861	0.504279	-0.254883	
-0.729721	0.474068	0.492714	0.218749	
0	0	0	1	
165
0.00750593	-0.706343	0.70783	-0.398199	
0.684934	0.519362	0.511008	-0.257948	
-0.728567	0.480981	0.487696	0.221494	
0	0	0	1	
166
-0.00787258	-0.704912	0.709251	-0.399993	
0.686886	0.511649	0.516143	-0.260082	
-0.726722	0.491238	0.480166	0.2253	
0	0	0	1	
167
-0.0222977	-0.705441	0.708418	-0.400299	
0.683469	0.506391	0.525774	-0.265065	
-0.729639	0.495906	0.470855	0.230105	
0	0	0	1	
168
-0.0409624	-0.701828	0.711167	-0.402455	
0.680821	0.501348	0.533979	-0.269684	
-0.731304	0.506051	0.457283	0.23634	
0	0	0	1	
169
-0.0544337	-0.702336	0.709762	-0.403123	
0.679761	0.494605	0.541563	-0.273769	
-0.731411	0.511947	0.450497	0.240086	
0	0	0	1	
170
-0.0710673	-0.700442	0.710162	-0.405216	
0.680868	0.486236	0.547716	-0.276915	
-0.72895	0.522452	0.442353	0.243853	
0	0	0	1	
171
-0.0843111	-0.701598	0.707568	-0.404916	
0.679952	0.478569	0.555551	-0.280942	
-0.728393	0.527952	0.436704	0.2474	
0	0	0	1	
172
-0.0947692	-0.702316	0.705528	-0.40382	
0.675738	0.475049	0.563654	-0.286029	
-0.731024	0.53017	0.429562	0.250509	
0	0	0	1	
173
-0.108064	-0.69906	0.70685	-0.405089	
0.677458	0.468585	0.566991	-0.288181	
-0.72758	0.540133	0.422947	0.253789	
0	0	0	1	
174
-0.122741	-0.696379	0.707101	-0.406081	
0.676603	0.462523	0.572957	-0.29105	
-0.726046	0.548752	0.414401	0.257717	
0	0	0	1	
175
-0.133121	-0.696558	0.705043	-0.405753	
0.674906	0.457239	0.579167	-0.293971	
-0.725796	0.552938	0.409243	0.260573	
0	0	0	1	
176
-0.147455	-0.692286	0.706397	-0.406923	
0.672132	0.453817	0.585054	-0.297368	
-0.7256	0.561061	0.39839	0.265211	
0	0	0	1	
177
-0.160823	-0.690423	0.705303	-0.407306	
0.67228	0.446567	0.590439	-0.300602	
-0.722618	0.569116	0.39234	0.267811	
0	0	0	1	
178
-0.174247	-0.689626	0.70289	-0.407139	
0.664164	0.444691	0.600946	-0.306225	
-0.726997	0.571547	0.380538	0.273022	
0	0	0	1	
179
-0.186842	-0.689677	0.699597	-0.40635	
0.667187	0.433626	0.605664	-0.309294	
-0.721076	0.579926	0.379124	0.27449	
0	0	0	1	
180
-0.203779	-0.686112	0.698372	-0.406424	
0.662553	0.42852	0.614324	-0.314253	
-0.720762	0.587895	0.367263	0.280429	
0	0	0	1	
181
-0.220033	-0.683118	0.696373	-0.406461	
0.658765	0.422442	0.622552	-0.318849	
-0.719454	0.595728	0.357063	0.284951	
0	0	0	1	
182
-0.236318	-0.677817	0.696217	-0.407871	
0.660562	0.413409	0.626698	-0.32165	
-0.712609	0.607995	0.350044	0.289195	
0	0	0	1	
183
-0.250309	-0.676	0.693087	-0.408188	
0.656041	0.408041	0.634911	-0.326042	
-0.712008	0.613618	0.341347	0.293843	
0	0	0	1	
184
-0.265376	-0.672182	0.691192	-0.409199	
0.655558	0.399881	0.640577	-0.329047	
-0.706979	0.623111	0.334536	0.297114	
0	0	0	1	
185
-0.275297	-0.671546	0.687922	-0.409179	
0.651094	0.396233	0.64736	-0.332737	
-0.70731	0.626119	0.328158	0.300521	
0	0	0	1	
186
-0.285533	-0.671382	0.683898	-0.408396	
0.650993	0.387832	0.65253	-0.335516	
-0.703334	0.631531	0.326326	0.301587	
0	0	0	1	
187
-0.297813	-0.666108	0.683819	-0.408785	
0.648955	0.384082	0.656764	-0.337933	
-0.700118	0.63936	0.317889	0.305486	
0	0	0	1	
188
-0.308624	-0.666051	0.679064	-0.405884	
0.645594	0.377613	0.663789	-0.341968	
-0.698541	0.643261	0.313458	0.30834	
0	0	0	1	
189
-0.317562	-0.664586	0.676373	-0.403812	
0.640706	0.375453	0.669725	-0.345063	
-0.699036	0.646035	0.306575	0.312482	
0	0	0	1	
190
-0.33045	-0.659935	0.67475	-0.402431	
0.640373	0.368413	0.673939	-0.347514	
-0.693343	0.654795	0.300863	0.315308	
0	0	0	1	
191
-0.339296	-0.659659	0.670618	-0.399503	
0.63708	0.363379	0.679769	-0.350839	
-0.692104	0.65788	0.296962	0.317399	
0	0	0	1	
192
-0.353993	-0.655001	0.66758	-0.396868	
0.630464	0.360106	0.687633	-0.355678	
-0.6908	0.664302	0.285479	0.323169	
0	0	0	1	
193
-0.365376	-0.654753	0.661663	-0.393269	
0.627964	0.35133	0.694427	-0.360234	
-0.68714	0.669228	0.282794	0.325213	
0	0	0	1	
194
-0.380115	-0.651467	0.656585	-0.389888	
0.625977	0.341405	0.701139	-0.364849	
-0.68093	0.67752	0.27803	0.32632	
0	0	0	1	
195
-0.395822	-0.642584	0.656057	-0.389112	
0.622502	0.337472	0.706119	-0.367728	
-0.675141	0.687895	0.266431	0.331096	
0	0	0	1	
196
-0.402864	-0.647057	0.647316	-0.384594	
0.622123	0.325152	0.712207	-0.371034	
-0.671314	0.689633	0.271557	0.328635	
0	0	0	1	
197
-0.416488	-0.64113	0.644585	-0.383127	
0.615757	0.322695	0.718826	-0.374108	
-0.668865	0.696291	0.260381	0.334659	
0	0	0	1	
198
-0.430789	-0.635341	0.640908	-0.380924	
0.610099	0.318274	0.72559	-0.377712	
-0.664981	0.703593	0.250513	0.338644	
0	0	0	1	
199
-0.44457	-0.631848	0.634922	-0.377076	
0.606549	0.309236	0.732442	-0.38226	
-0.659133	0.710733	0.24577	0.34149	
0	0	0	1	
200
-0.459843	-0.62876	0.627061	-0.37175	
0.60046	0.300071	0.741219	-0.388314	
-0.654212	0.717369	0.239559	0.344803	
0	0	0	1	
201
-0.472918	-0.626446	0.619608	-0.366898	
0.593657	0.293097	0.749443	-0.393248	
-0.651091	0.72226	0.233283	0.347302	
0	0	0	1	
202
-0.484347	-0.624827	0.612371	-0.362737	
0.586912	0.28702	0.757069	-0.39785	
-0.6488	0.726092	0.227701	0.350945	
0	0	0	1	
203
-0.496115	-0.624114	0.603616	-0.357514	
0.580826	0.278188	0.765018	-0.402528	
-0.645377	0.730133	0.224488	0.353854	
0	0	0	1	
204
-0.511024	-0.614366	0.601173	-0.355348	
0.579058	0.270822	0.768991	-0.404742	
-0.635253	0.741087	0.217358	0.356119	
0	0	0	1	
205
-0.51964	-0.614106	0.59401	-0.351286	
0.569064	0.26982	0.776765	-0.408705	
-0.637292	0.741668	0.209257	0.361623	
0	0	0	1	
206
-0.530716	-0.606707	0.591816	-0.350002	
0.569863	0.261436	0.779043	-0.409897	
-0.627373	0.750705	0.206992	0.362989	
0	0	0	1	
207
-0.541391	-0.603768	0.585116	-0.346629	
0.560397	0.259668	0.786465	-0.413151	
-0.626778	0.753682	0.197768	0.368456	
0	0	0	1	
208
-0.549841	-0.60009	0.581005	-0.344625	
0.553904	0.258684	0.791374	-0.415364	
-0.625192	0.756951	0.190157	0.373713	
0	0	0	1	
209
-0.557046	-0.595554	0.578805	-0.343788	
0.552	0.255199	0.793832	-0.416369	
-0.620481	0.761701	0.186588	0.375464	
0	0	0	1	
210
-0.561779	-0.59598	0.57377	-0.341603	
0.546103	0.253824	0.798339	-0.418172	
-0.621431	0.761827	0.182873	0.378611	
0	0	0	1	
211
-0.570581	-0.588854	0.572441	-0.341757	
0.545488	0.249314	0.800178	-0.41913	
-0.613905	0.768826	0.178959	0.38136	
0	0	0	1	
212
-0.58364	-0.583636	0.564565	-0.338862	
0.534558	0.247201	0.80817	-0.423379	
-0.611238	0.773473	0.167711	0.388683	
0	0	0	1	
213
-0.589442	-0.579318	0.562983	-0.338977	
0.528645	0.250335	0.81109	-0.424199	
-0.610813	0.775708	0.158696	0.392219	
0	0	0	1	
214
-0.592431	-0.579227	0.55993	-0.339119	
0.527256	0.246732	0.813096	-0.424099	
-0.60912	0.776929	0.159229	0.393127	
0	0	0	1	
215
-0.596784	-0.576001	0.558634	-0.340397	
0.522391	0.249549	0.815373	-0.423834	
-0.609062	0.778427	0.151971	0.3977	
0	0	0	1	
216
-0.598185	-0.575347	0.557809	-0.341077	
0.524636	0.244998	0.815312	-0.422958	
-0.605749	0.780354	0.155294	0.396886	
0	0	0	1	
217
-0.60342	-0.570581	0.557065	-0.341531	
0.518915	0.249466	0.817615	-0.422874	
-0.605484	0.782435	0.14555	0.402737	
0	0	0	1	
218
-0.607935	-0.567894	0.554897	-0.34128	
0.514661	0.250322	0.820039	-0.421658	
-0.604598	0.784114	0.140094	0.405892	
0	0	0	1	
219
-0.614592	-0.560638	0.554943	-0.342032	
0.509874	0.254463	0.821753	-0.42034	
-0.601918	0.787994	0.129464	0.411748	
0	0	0	1	
220
-0.615497	-0.562272	0.552281	-0.340462	
0.50524	0.256325	0.824033	-0.420084	
-0.604894	0.786224	0.126315	0.412853	
0	0	0	1	
221
-0.623852	-0.55648	0.548761	-0.338176	
0.500025	0.25544	0.827481	-0.420176	
-0.600653	0.79062	0.118897	0.418742	
0	0	0	1	
222
-0.629524	-0.551508	0.547301	-0.337198	
0.495771	0.257248	0.829478	-0.418918	
-0.598256	0.793513	0.111478	0.422245	
0	0	0	1	
223
-0.635321	-0.549455	0.542648	-0.333842	
0.488746	0.257967	0.833415	-0.418307	
-0.597909	0.794703	0.104652	0.428109	
0	0	0	1	
224
-0.641353	-0.544648	0.540393	-0.331583	
0.48454	0.258577	0.835679	-0.417037	
-0.594884	0.797807	0.0980644	0.430704	
0	0	0	1	
225
-0.649852	-0.536199	0.538686	-0.329379	
0.477806	0.262983	0.838177	-0.415489	
-0.591095	0.802079	0.0852993	0.438837	
0	0	0	1	
226
-0.657755	-0.528277	0.536919	-0.327319	
0.47263	0.265571	0.840293	-0.414589	
-0.586497	0.806471	0.0749985	0.444777	
0	0	0	1	
227
-0.66419	-0.520812	0.53629	-0.326211	
0.467628	0.270247	0.8416	-0.41326	
-0.583246	0.809766	0.0640512	0.450425	
0	0	0	1	
228
-0.664358	-0.522562	0.534375	-0.324575	
0.467615	0.267143	0.842597	-0.411586	
-0.583064	0.809669	0.0668794	0.450584	
0	0	0	1	
229
-0.66612	-0.521056	0.533652	-0.32355	
0.464019	0.270651	0.843465	-0.40958	
-0.583926	0.809474	0.0614938	0.45464	
0	0	0	1	
230
-0.666449	-0.520297	0.533982	-0.323355	
0.462086	0.273807	0.843508	-0.407689	
-0.585083	0.808901	0.0579435	0.45625	
0	0	0	1	
231
-0.666596	-0.519719	0.534361	-0.323641	
0.461362	0.275399	0.843386	-0.406182	
-0.585487	0.808732	0.056199	0.457772	
0	0	0	1	
232
-0.66823	-0.516282	0.535651	-0.324593	
0.458882	0.280686	0.842996	-0.404913	
-0.585573	0.809116	0.0493495	0.460996	
0	0	0	1	
233
-0.667482	-0.516992	0.535898	-0.325206	
0.45806	0.282325	0.842896	-0.402423	
-0.587068	0.808092	0.0483662	0.462942	
0	0	0	1	
234
-0.667853	-0.516914	0.535512	-0.324045	
0.451006	0.291299	0.843646	-0.40154	
-0.592086	0.80495	0.0385864	0.46749	
0	0	0	1	
235
-0.667881	-0.512556	0.539649	-0.325408	
0.456532	0.290512	0.840941	-0.399878	
-0.587804	0.808016	0.0399707	0.46756	
0	0	0	1	
236
-0.66746	-0.511721	0.540961	-0.327338	
0.459767	0.288254	0.839954	-0.397929	
-0.585757	0.809352	0.0428744	0.469025	
0	0	0	1	
237
-0.667129	-0.510631	0.542398	-0.329234	
0.455971	0.295876	0.839374	-0.397438	
-0.589093	0.807288	0.0354457	0.470593	
0	0	0	1	
238
-0.664437	-0.507887	0.548246	-0.332677	
0.460584	0.299431	0.835586	-0.396109	
-0.588545	0.807708	0.0349718	0.472495	
0	0	0	1	
239
-0.662635	-0.511845	0.546745	-0.333109	
0.460685	0.297017	0.836391	-0.397145	
-0.590495	0.806099	0.0389854	0.471045	
0	0	0	1	
240
-0.661826	-0.509292	0.550099	-0.335954	
0.461342	0.301692	0.834354	-0.397534	
-0.59089	0.80598	0.0352902	0.471584	
0	0	0	1	
241
-0.660891	-0.50744	0.552926	-0.338385	
0.4685	0.296605	0.832186	-0.397752	
-0.586285	0.809031	0.0417119	0.469095	
0	0	0	1	
242
-0.657532	-0.510569	0.554049	-0.34051	
0.467001	0.30088	0.831493	-0.39858	
-0.591237	0.805475	0.0405978	0.46897	
0	0	0	1	
243
-0.659415	-0.507897	0.554268	-0.34195	
0.467347	0.300556	0.831416	-0.399844	
-0.588862	0.807284	0.0391726	0.469338	
0	0	0	1	
244
-0.655994	-0.510462	0.555968	-0.343482	
0.46913	0.301278	0.83015	-0.400974	
-0.591261	0.805394	0.0418368	0.468559	
0	0	0	1	
245
-0.656931	-0.508144	0.556984	-0.344838	
0.472069	0.2988	0.829379	-0.402512	
-0.587871	0.80778	0.0435885	0.468341	
0	0	0	1	
246
-0.654493	-0.511438	0.556839	-0.346209	
0.47293	0.297691	0.829287	-0.403716	
-0.589895	0.806109	0.0470378	0.467258	
0	0	0	1	
247
-0.652209	-0.511433	0.559517	-0.349466	
0.476354	0.29765	0.82734	-0.403391	
-0.589669	0.806127	0.0494927	0.466044	
0	0	0	1	
248
-0.648062	-0.514685	0.561351	-0.355159	
0.478527	0.298225	0.825878	-0.403092	
-0.592476	0.803841	0.0530219	0.465816	
0	0	0	1	
249
-0.64814	-0.511029	0.564591	-0.358444	
0.48243	0.298105	0.823647	-0.402553	
-0.589215	0.806215	0.053322	0.464432	
0	0	0	1	
250
-0.647673	-0.510514	0.565592	-0.36059	
0.483249	0.298667	0.822963	-0.401757	
-0.589058	0.806333	0.0532667	0.464848	
0	0	0	1	
251
-0.649205	-0.5094	0.56484	-0.361558	
0.481305	0.299897	0.823655	-0.401199	
-0.588964	0.806581	0.050482	0.466182	
0	0	0	1	
252
-0.653374	-0.506429	0.5627	-0.360739	
0.480041	0.297592	0.825227	-0.401287	
-0.585374	0.809302	0.0486679	0.468631	
0	0	0	1	
253
-0.661726	-0.500748	0.558006	-0.35751	
0.473174	0.29839	0.828897	-0.402645	
-0.581572	0.812536	0.0394884	0.472713	
0	0	0	1	
254
-0.673194	-0.491326	0.552638	-0.354167	
0.46818	0.295283	0.832836	-0.404554	
-0.572378	0.819394	0.0312463	0.477581	
0	0	0	1	
255
-0.685013	-0.483339	0.545106	-0.349929	
0.462296	0.289899	0.837999	-0.407443	
-0.563063	0.82604	0.0248611	0.480723	
0	0	0	1	
256
-0.696927	-0.475298	0.537015	-0.345546	
0.455891	0.284411	0.84337	-0.410347	
-0.553585	0.832588	0.0184708	0.485071	
0	0	0	1	
257
-0.712296	-0.464002	0.526627	-0.339079	
0.446674	0.279089	0.850054	-0.414341	
-0.541402	0.840721	0.00846338	0.489446	
0	0	0	1	
258
-0.727246	-0.452924	0.515726	-0.331549	
0.43686	0.274097	0.856752	-0.419757	
-0.529402	0.84837	-0.00147113	0.493837	
0	0	0	1	
259
-0.742616	-0.442772	0.502468	-0.324221	
0.42712	0.264761	0.864564	-0.425622	
-0.515839	0.856653	-0.00749916	0.497032	
0	0	0	1	
260
-0.758969	-0.432149	0.487045	-0.315902	
0.417279	0.251398	0.873314	-0.431702	
-0.499844	0.866052	-0.0104768	0.497172	
0	0	0	1	
261
-0.787404	-0.409839	0.460465	-0.300191	
0.3978	0.232796	0.887447	-0.440908	
-0.470904	0.881952	-0.0202703	0.501758	
0	0	0	1	
262
-0.802986	-0.394564	0.44669	-0.292145	
0.386356	0.22607	0.894216	-0.444478	
-0.453809	0.890624	-0.0290893	0.505725	
0	0	0	1	
263
-0.81585	-0.383071	0.43318	-0.283742	
0.372884	0.224052	0.900421	-0.447668	
-0.44198	0.896135	-0.0399517	0.511431	
0	0	0	1	
264
-0.831221	-0.365295	0.419083	-0.273933	
0.362868	0.214613	0.90679	-0.451734	
-0.421187	0.905815	-0.0458375	0.513987	
0	0	0	1	
265
-0.843688	-0.352887	0.40455	-0.265255	
0.349783	0.210305	0.91292	-0.454212	
-0.407236	0.911725	-0.0539977	0.516884	
0	0	0	1	
266
-0.856565	-0.340094	0.388113	-0.254867	
0.336723	0.201565	0.919776	-0.45767	
-0.391041	0.918535	-0.0581363	0.519996	
0	0	0	1	
267
-0.870971	-0.317106	0.375303	-0.245786	
0.328931	0.191097	0.924817	-0.461659	
-0.364984	0.928938	-0.0621339	0.521774	
0	0	0	1	
268
-0.878046	-0.310269	0.364373	-0.239859	
0.31588	0.196232	0.928285	-0.463854	
-0.35952	0.930175	-0.0742924	0.524882	
0	0	0	1	
269
-0.891007	-0.288989	0.35013	-0.232748	
0.307381	0.183549	0.933717	-0.466679	
-0.3341	0.939572	-0.0747137	0.524487	
0	0	0	1	
270
-0.899283	-0.280186	0.335836	-0.226031	
0.294121	0.180888	0.938495	-0.4692	
-0.323702	0.942749	-0.0802608	0.526644	
0	0	0	1	
271
-0.908296	-0.266206	0.322694	-0.219724	
0.282866	0.177473	0.942598	-0.471737	
-0.308195	0.947437	-0.0858972	0.52817	
0	0	0	1	
272
-0.917466	-0.250939	0.308683	-0.212656	
0.27111	0.173445	0.946792	-0.474707	
-0.291127	0.952337	-0.0910979	0.529659	
0	0	0	1	
273
-0.924762	-0.24008	0.295258	-0.206711	
0.26051	0.166188	0.95106	-0.476803	
-0.277399	0.956422	-0.0911407	0.52932	
0	0	0	1	
274
-0.931591	-0.228915	0.282376	-0.200286	
0.247498	0.169511	0.953945	-0.478313	
-0.266238	0.958574	-0.101259	0.533156	
0	0	0	1	
275
-0.937943	-0.218356	0.269414	-0.193593	
0.236564	0.165198	0.957469	-0.48062	
-0.253576	0.961785	-0.103291	0.534133	
0	0	0	1	
276
-0.943395	-0.206489	0.259554	-0.189608	
0.228545	0.162405	0.959892	-0.48194	
-0.24036	0.964877	-0.106019	0.535524	
0	0	0	1	
277
-0.94798	-0.199697	0.247902	-0.184545	
0.216794	0.165242	0.962131	-0.48322	
-0.233098	0.965824	-0.113353	0.539154	
0	0	0	1	
278
-0.951697	-0.194579	0.237514	-0.179645	
0.20725	0.163655	0.964502	-0.485325	
-0.226542	0.967138	-0.115424	0.53996	
0	0	0	1	
279
-0.959584	-0.175214	0.220224	-0.17017	
0.191772	0.165606	0.967367	-0.488533	
-0.205966	0.970502	-0.125312	0.546195	
0	0	0	1	
280
-0.96344	-0.165632	0.210595	-0.165916	
0.184357	0.160531	0.969661	-0.490704	
-0.194414	0.973034	-0.124126	0.546057	
0	0	0	1	
281
-0.965846	-0.160701	0.203266	-0.162385	
0.177596	0.160673	0.970898	-0.492879	
-0.188684	0.973837	-0.126646	0.548509	
0	0	0	1	
282
-0.971688	-0.13961	0.190607	-0.155714	
0.16865	0.155147	0.973389	-0.496708	
-0.165467	0.977977	-0.12721	0.548967	
0	0	0	1	
283
-0.973553	-0.134726	0.18451	-0.154248	
0.163543	0.152957	0.974607	-0.497783	
-0.159527	0.979006	-0.126878	0.549175	
0	0	0	1	
284
-0.975927	-0.128462	0.176249	-0.151286	
0.156136	0.152703	0.97586	-0.499346	
-0.152275	0.979887	-0.12897	0.550307	
0	0	0	1	
285
-0.978006	-0.122638	0.168711	-0.148417	
0.149067	0.154774	0.976639	-0.500424	
-0.145885	0.980309	-0.133089	0.552598	
0	0	0	1	
286
-0.980399	-0.115281	0.159776	-0.144306	
0.141387	0.153123	0.97804	-0.501597	
-0.137215	0.98146	-0.133822	0.554264	
0	0	0	1	
287
-0.983096	-0.105817	0.149417	-0.139151	
0.132074	0.155337	0.978993	-0.502564	
-0.126804	0.982178	-0.138735	0.55784	
0	0	0	1	
288
-0.986147	-0.0946231	0.13624	-0.132676	
0.120959	0.151812	0.98098	-0.504064	
-0.113506	0.98387	-0.138264	0.55859	
0	0	0	1	
289
-0.988609	-0.0836631	0.125112	-0.127505	
0.110887	0.1572	0.981322	-0.504049	
-0.101768	0.984017	-0.146132	0.563656	
0	0	0	1	
290
-0.990767	-0.0774913	0.111243	-0.12089	
0.098024	0.157373	0.982662	-0.50485	
-0.0936543	0.984494	-0.148324	0.566225	
0	0	0	1	
291
-0.993272	-0.0624192	0.0975378	-0.114513	
0.0869234	0.154635	0.98414	-0.505716	
-0.076512	0.985998	-0.148169	0.5671	
0	0	0	1	
292
-0.994933	-0.0558641	0.0835913	-0.10806	
0.0740571	0.155114	0.985117	-0.506079	
-0.0679989	0.986316	-0.150191	0.568204	
0	0	0	1	
293
-0.996716	-0.0421667	0.0691248	-0.100749	
0.0618263	0.15493	0.985989	-0.506562	
-0.0522854	0.987025	-0.151814	0.569413	
0	0	0	1	
294
-0.998012	-0.0307303	0.0550212	-0.0935461	
0.0495563	0.156695	0.986403	-0.507269	
-0.038934	0.987169	-0.15486	0.572695	
0	0	0	1	
295
-0.998926	-0.013078	0.0444611	-0.0886564	
0.0418817	0.156017	0.986866	-0.507878	
-0.0198429	0.987668	-0.155301	0.573173	
0	0	0	1	
296
-0.99953	-0.00453752	0.0303283	-0.0822246	
0.0292729	0.153507	0.987714	-0.508348	
-0.00913737	0.988137	-0.153302	0.573017	
0	0	0	1	
297
-0.99984	0.00644766	0.016688	-0.0758829	
0.017488	0.155562	0.987671	-0.508258	
0.00377215	0.987805	-0.15565	0.574618	
0	0	0	1	
298
-0.999737	0.0222018	0.00567359	-0.0708064	
0.0090248	0.153892	0.988047	-0.507402	
0.0210632	0.987838	-0.154052	0.574284	
0	0	0	1	
299
-0.999493	0.0306409	-0.00863447	-0.0633321	
-0.00368642	0.158005	0.987431	-0.505781	
0.0316201	0.986963	-0.157812	0.576592	
0	0	0	1	
300
-0.998919	0.0414785	-0.0209613	-0.057001	
-0.013974	0.162088	0.986677	-0.503476	
0.0443235	0.985904	-0.161333	0.57973	
0	0	0	1	
301
-0.998122	0.0518585	-0.032597	-0.0514424	
-0.023677	0.164158	0.98615	-0.502062	
0.0564913	0.98507	-0.162622	0.581242	
0	0	0	1	
302
-0.997072	0.0634133	-0.0427409	-0.0469064	
-0.0317663	0.164954	0.98579	-0.50092	
0.0695624	0.984261	-0.162456	0.581131	
0	0	0	1	
303
-0.995964	0.0735555	-0.0514264	-0.0430853	
-0.0382635	0.170317	0.984646	-0.498768	
0.0811849	0.98264	-0.166815	0.583849	
0	0	0	1	
304
-0.994847	0.0768164	-0.066172	-0.035708	
-0.0525082	0.167957	0.984395	-0.497979	
0.0867317	0.982797	-0.163058	0.581668	
0	0	0	1	
305
-0.993237	0.0864959	-0.077455	-0.0299735	
-0.0618773	0.170139	0.983475	-0.496738	
0.0982447	0.981617	-0.163636	0.582682	
0	0	0	1	
306
-0.991373	0.0968984	-0.0882602	-0.024731	
-0.0706127	0.172455	0.982483	-0.495315	
0.110422	0.98024	-0.164125	0.583549	
0	0	0	1	
307
-0.989311	0.102582	-0.103641	-0.0168133	
-0.0850367	0.17153	0.981502	-0.493489	
0.118462	0.979824	-0.160973	0.582616	
0	0	0	1	
308
-0.98698	0.112879	-0.114577	-0.0105801	
-0.0935915	0.176283	0.97988	-0.492198	
0.130806	0.977846	-0.163424	0.584354	
0	0	0	1	
309
-0.983649	0.129604	-0.125048	-0.00520492	
-0.101112	0.177157	0.978975	-0.491267	
0.149032	0.975612	-0.161156	0.583616	
0	0	0	1	
310
-0.98088	0.136712	-0.138507	0.00151911	
-0.112827	0.180419	0.977097	-0.489515	
0.15857	0.974042	-0.161545	0.583473	
0	0	0	1	
311
-0.978193	0.140534	-0.152931	0.0093808	
-0.126756	0.179354	0.975585	-0.488673	
0.164532	0.973695	-0.157629	0.581796	
0	0	0	1	
312
-0.975286	0.150412	-0.161843	0.014865	
-0.131992	0.190794	0.972716	-0.486857	
0.177187	0.970038	-0.166226	0.585793	
0	0	0	1	
313
-0.97092	0.161789	-0.176464	0.0236121	
-0.14534	0.187383	0.971475	-0.487044	
0.19024	0.968871	-0.15842	0.581365	
0	0	0	1	
314
-0.968298	0.171094	-0.182008	0.0262973	
-0.149333	0.187611	0.970825	-0.486491	
0.200249	0.967228	-0.156113	0.580656	
0	0	0	1	
315
-0.964542	0.177009	-0.195771	0.0341707	
-0.16204	0.188339	0.968644	-0.4858	
0.208331	0.966021	-0.152978	0.57878	
0	0	0	1	
316
-0.9606	0.188072	-0.204637	0.0392112	
-0.169722	0.186118	0.967757	-0.485904	
0.220094	0.96436	-0.146865	0.575897	
0	0	0	1	
317
-0.957553	0.194894	-0.212389	0.0431847	
-0.177617	0.181399	0.967237	-0.485741	
0.227036	0.963904	-0.139082	0.571712	
0	0	0	1	
318
-0.955005	0.198929	-0.219985	0.047259	
-0.183831	0.185043	0.965384	-0.484641	
0.232749	0.962386	-0.140147	0.572181	
0	0	0	1	
319
-0.95355	0.200655	-0.224679	0.0501359	
-0.187359	0.188984	0.963941	-0.484364	
0.23588	0.961261	-0.142611	0.574089	
0	0	0	1	
320
-0.949553	0.209812	-0.233084	0.0556366	
-0.195574	0.184826	0.963115	-0.485605	
0.245153	0.960114	-0.134469	0.570736	
0	0	0	1	
321
-0.946142	0.216627	-0.240598	0.060533	
-0.202428	0.184138	0.96183	-0.486198	
0.252662	0.958731	-0.130369	0.568513	
0	0	0	1	
322
-0.942134	0.226689	-0.246974	0.0642915	
-0.20837	0.181139	0.96113	-0.486536	
0.262614	0.956975	-0.123422	0.565516	
0	0	0	1	
323
-0.937921	0.234992	-0.255112	0.0674451	
-0.216123	0.179322	0.959758	-0.486222	
0.271282	0.955313	-0.117403	0.562796	
0	0	0	1	
324
-0.935047	0.235627	-0.264893	0.0717933	
-0.225284	0.182016	0.95714	-0.485449	
0.273742	0.954647	-0.117111	0.561954	
0	0	0	1	
325
-0.931867	0.239573	-0.272449	0.0759585	
-0.234665	0.174697	0.95625	-0.48578	
0.276688	0.955032	-0.106575	0.557542	
0	0	0	1	
326
-0.926941	0.250019	-0.279768	0.0799273	
-0.240477	0.176483	0.954476	-0.485876	
0.288012	0.952021	-0.103465	0.555575	
0	0	0	1	
327
-0.922742	0.254512	-0.289431	0.0852007	
-0.249363	0.178361	0.951843	-0.485859	
0.293878	0.950479	-0.101115	0.554857	
0	0	0	1	
328
-0.918818	0.257405	-0.299191	0.0912012	
-0.258124	0.181556	0.948899	-0.486284	
0.298571	0.949094	-0.100375	0.555221	
0	0	0	1	
329
-0.912173	0.269974	-0.308309	0.098044	
-0.268533	0.174537	0.947326	-0.48893	
0.309564	0.946917	-0.0867115	0.548301	
0	0	0	1	
330
-0.906245	0.278604	-0.317962	0.105156	
-0.279255	0.170161	0.94502	-0.490322	
0.317391	0.945212	-0.0764062	0.542802	
0	0	0	1	
331
-0.901446	0.286118	-0.324857	0.108963	
-0.286939	0.166972	0.943285	-0.491411	
0.324133	0.943534	-0.0684181	0.539251	
0	0	0	1	
332
-0.896907	0.2912	-0.332806	0.110919	
-0.296352	0.162788	0.941103	-0.49333	
0.328226	0.94271	-0.0597076	0.533118	
0	0	0	1	
333
-0.895397	0.28234	-0.344308	0.114764	
-0.311387	0.155679	0.937445	-0.493584	
0.318279	0.946598	-0.0514778	0.526608	
0	0	0	1	
334
-0.894503	0.286521	-0.343177	0.111782	
-0.310318	0.154647	0.93797	-0.494605	
0.32182	0.94551	-0.0494188	0.525473	
0	0	0	1	
335
-0.893064	0.280895	-0.351475	0.114892	
-0.320674	0.150581	0.935144	-0.493952	
0.315602	0.947852	-0.0444025	0.520908	
0	0	0	1	
336
-0.887955	0.287179	-0.359256	0.117902	
-0.329828	0.14679	0.932559	-0.493255	
0.320546	0.946563	-0.0356227	0.516423	
0	0	0	1	
337
-0.883116	0.291885	-0.367299	0.12143	
-0.336128	0.152531	0.929383	-0.492692	
0.327297	0.944213	-0.0365924	0.516109	
0	0	0	1	
338
-0.876648	0.296757	-0.378712	0.126774	
-0.348877	0.149959	0.925093	-0.490487	
0.331319	0.943105	-0.0279298	0.512388	
0	0	0	1	
339
-0.870499	0.301394	-0.389092	0.132015	
-0.35799	0.154777	0.920808	-0.488068	
0.337749	0.940854	-0.0268375	0.512241	
0	0	0	1	
340
-0.862651	0.308994	-0.400445	0.138806	
-0.369955	0.154425	0.916126	-0.486334	
0.344916	0.938443	-0.0189011	0.508673	
0	0	0	1	
341
-0.853259	0.319649	-0.412037	0.146581	
-0.379852	0.160392	0.911036	-0.484417	
0.357299	0.933863	-0.0154367	0.505752	
0	0	0	1	
342
-0.84515	0.327641	-0.422341	0.152511	
-0.390515	0.16105	0.9064	-0.481888	
0.364992	0.930975	-0.00816277	0.502847	
0	0	0	1	
343
-0.838177	0.332597	-0.432249	0.157464	
-0.398997	0.16639	0.901729	-0.478984	
0.371834	0.928274	-0.00675887	0.501645	
0	0	0	1	
344
-0.824653	0.340057	-0.452005	0.168062	
-0.417667	0.172808	0.892015	-0.472913	
0.381446	0.924391	-0.000475824	0.498666	
0	0	0	1	
345
-0.81702	0.346566	-0.460838	0.173284	
-0.423129	0.182591	0.887481	-0.469766	
0.391715	0.920083	-0.00253826	0.500301	
0	0	0	1	
346
-0.807585	0.356133	-0.470081	0.178467	
-0.430137	0.189627	0.882623	-0.466665	
0.403472	0.914992	4.6134e-005	0.49973	
0	0	0	1	
347
-0.798058	0.363972	-0.480237	0.184194	
-0.43814	0.196641	0.877135	-0.464286	
0.413686	0.910416	0.00253946	0.498437	
0	0	0	1	
348
-0.790421	0.367524	-0.490062	0.189712	
-0.445588	0.204007	0.871684	-0.461246	
0.420341	0.907363	0.00251225	0.498945	
0	0	0	1	
349
-0.781431	0.376102	-0.497909	0.193744	
-0.451833	0.209287	0.867206	-0.458418	
0.430363	0.902633	0.00639209	0.497952	
0	0	0	1	
350
-0.774339	0.379543	-0.506307	0.198176	
-0.459348	0.213149	0.862303	-0.455701	
0.4352	0.900286	0.00929296	0.496663	
0	0	0	1	
351
-0.767016	0.382909	-0.514846	0.202533	
-0.467573	0.215922	0.857177	-0.452429	
0.439387	0.898197	0.0134223	0.496096	
0	0	0	1	
352
-0.760887	0.384562	-0.52265	0.206977	
-0.473633	0.221408	0.852438	-0.449442	
0.443534	0.896153	0.0136746	0.496249	
0	0	0	1	
353
-0.750387	0.395135	-0.529894	0.211398	
-0.479245	0.226885	0.847849	-0.446515	
0.45524	0.890164	0.0191151	0.494561	
0	0	0	1	
354
-0.744192	0.398751	-0.535888	0.213811	
-0.482749	0.233413	0.84408	-0.443761	
0.461661	0.886857	0.0187924	0.495783	
0	0	0	1	
355
-0.73853	0.400304	-0.542523	0.21617	
-0.485184	0.243188	0.839914	-0.440469	
0.468156	0.883525	0.0146193	0.499187	
0	0	0	1	
356
-0.72848	0.407979	-0.550337	0.220206	
-0.493745	0.244214	0.834611	-0.4373	
0.474904	0.879723	0.0235322	0.495627	
0	0	0	1	
357
-0.722664	0.412176	-0.554859	0.223114	
-0.494502	0.252566	0.831672	-0.434883	
0.482933	0.875398	0.0213013	0.497112	
0	0	0	1	
358
-0.713784	0.41643	-0.563115	0.228085	
-0.503465	0.253836	0.825888	-0.431081	
0.486863	0.873014	0.028474	0.495596	
0	0	0	1	
359
-0.706522	0.420864	-0.568946	0.232131	
-0.506825	0.260185	0.821846	-0.428529	
0.493917	0.869009	0.029478	0.496157	
0	0	0	1	
360
-0.700273	0.426219	-0.572673	0.234961	
-0.506993	0.267819	0.819287	-0.426378	
0.502568	0.864066	0.0285432	0.497062	
0	0	0	1	
361
-0.694864	0.427152	-0.578537	0.238645	
-0.513017	0.269334	0.815029	-0.424144	
0.503961	0.863134	0.0319858	0.496424	
0	0	0	1	
362
-0.689124	0.433162	-0.580929	0.240863	
-0.511823	0.276557	0.813359	-0.42336	
0.512976	0.857838	0.0311202	0.49814	
0	0	0	1	
363
-0.681869	0.440195	-0.584194	0.243292	
-0.515968	0.27666	0.810701	-0.422174	
0.51849	0.854217	0.0384804	0.49428	
0	0	0	1	
364
-0.683039	0.437992	-0.584484	0.242923	
-0.515232	0.278254	0.810624	-0.421761	
0.517681	0.854832	0.0356093	0.496093	
0	0	0	1	
365
-0.682387	0.438046	-0.585204	0.243172	
-0.516881	0.276945	0.810022	-0.421341	
0.516896	0.855229	0.0374342	0.493921	
0	0	0	1	
366
-0.683432	0.436111	-0.58543	0.242771	
-0.516953	0.277108	0.80992	-0.421198	
0.515442	0.856165	0.0360645	0.49379	
0	0	0	1	
367
-0.683586	0.43797	-0.583859	0.240923	
-0.514892	0.277589	0.811067	-0.421856	
0.517296	0.855059	0.0357518	0.493952	
0	0	0	1	
368
-0.685292	0.433107	-0.585485	0.240613	
-0.518801	0.273876	0.809838	-0.420838	
0.511097	0.858726	0.0370114	0.492423	
0	0	0	1	
369
-0.684998	0.433133	-0.58581	0.240358	
-0.519117	0.273993	0.809596	-0.419749	
0.511171	0.858676	0.0371621	0.491812	
0	0	0	1	
370
-0.686821	0.430034	-0.585959	0.240695	
-0.517584	0.276617	0.809685	-0.418247	
0.510278	0.859392	0.0325922	0.493798	
0	0	0	1	
371
-0.686389	0.434575	-0.583108	0.240813	
-0.511395	0.281649	0.81188	-0.418359	
0.517055	0.855464	0.0289184	0.495641	
0	0	0	1	
372
-0.682723	0.440549	-0.582929	0.241743	
-0.514948	0.275893	0.811611	-0.418168	
0.51838	0.854283	0.0385013	0.490146	
0	0	0	1	
373
-0.683057	0.439584	-0.583266	0.241594	
-0.514953	0.276461	0.811414	-0.417489	
0.517935	0.854596	0.0375263	0.491506	
0	0	0	1	
374
-0.683242	0.442086	-0.581155	0.240644	
-0.509756	0.28107	0.813111	-0.419095	
0.52281	0.851798	0.0333173	0.492147	
0	0	0	1	
375
-0.681521	0.442637	-0.582754	0.241292	
-0.516855	0.272602	0.811511	-0.419282	
0.518064	0.85426	0.0429949	0.488098	
0	0	0	1	
376
-0.684731	0.441032	-0.580202	0.239515	
-0.507738	0.282435	0.8139	-0.421531	
0.522825	0.851893	0.0305365	0.492636	
0	0	0	1	
377
-0.683011	0.439896	-0.583084	0.23994	
-0.515022	0.276018	0.811521	-0.421836	
0.517926	0.854579	0.038033	0.489302	
0	0	0	1	
378
-0.68257	0.443394	-0.580947	0.23715	
-0.514718	0.272651	0.812851	-0.423467	
0.518809	0.853852	0.0421198	0.487585	
0	0	0	1	
379
-0.685181	0.437605	-0.582261	0.235948	
-0.518099	0.269066	0.811897	-0.42311	
0.511957	0.857966	0.0423638	0.487312	
0	0	0	1	
380
-0.688965	0.43494	-0.579788	0.233996	
-0.512682	0.273	0.81402	-0.423581	
0.512332	0.858078	0.0348982	0.491465	
0	0	0	1	
381
-0.687779	0.439599	-0.577679	0.233317	
-0.511615	0.271008	0.815355	-0.42374	
0.514985	0.856334	0.0385119	0.490308	
0	0	0	1	
382
-0.688717	0.4397	-0.576484	0.232136	
-0.510612	0.270331	0.816209	-0.423568	
0.514728	0.856496	0.0383342	0.491184	
0	0	0	1	
383
-0.690488	0.43808	-0.575598	0.231378	
-0.507322	0.273923	0.817063	-0.423836	
0.515608	0.856185	0.0331073	0.494071	
0	0	0	1	
384
-0.690958	0.437646	-0.575363	0.231428	
-0.506132	0.275405	0.817302	-0.42394	
0.516147	0.855931	0.0312136	0.494874	
0	0	0	1	
385
-0.689919	0.439708	-0.575037	0.23148	
-0.507733	0.272268	0.81736	-0.424477	
0.515964	0.855878	0.0354112	0.493196	
0	0	0	1	
386
-0.690033	0.442927	-0.572425	0.22962	
-0.504551	0.272665	0.819196	-0.425819	
0.518924	0.85409	0.0353315	0.493613	
0	0	0	1	
387
-0.689826	0.442236	-0.573208	0.229088	
-0.507425	0.269398	0.818502	-0.425708	
0.516392	0.855484	0.0385637	0.491669	
0	0	0	1	
388
-0.691082	0.440743	-0.572845	0.227924	
-0.50643	0.270205	0.818852	-0.425777	
0.515689	0.855999	0.0364719	0.491905	
0	0	0	1	
389
-0.690889	0.439674	-0.573898	0.228457	
-0.50868	0.268443	0.818036	-0.425795	
0.513728	0.857103	0.0381898	0.491804	
0	0	0	1	
390
-0.69009	0.441897	-0.573151	0.22886	
-0.508538	0.267408	0.818464	-0.426114	
0.514942	0.856283	0.0401859	0.490378	
0	0	0	1	
391
-0.690516	0.441699	-0.572792	0.229077	
-0.506719	0.269701	0.818839	-0.425983	
0.516163	0.855666	0.037584	0.491821	
0	0	0	1	
392
-0.687408	0.443021	-0.575502	0.230436	
-0.511359	0.267464	0.816685	-0.424498	
0.515735	0.855684	0.0426854	0.490139	
0	0	0	1	
393
-0.687818	0.443877	-0.574351	0.230187	
-0.507152	0.272232	0.817733	-0.424851	
0.519329	0.853735	0.037867	0.492427	
0	0	0	1	
394
-0.685444	0.446072	-0.575488	0.231555	
-0.50943	0.270912	0.816754	-0.4245	
0.520238	0.85301	0.0415473	0.491272	
0	0	0	1	
395
-0.683455	0.448376	-0.576062	0.232712	
-0.509379	0.272336	0.816313	-0.424373	
0.522898	0.851347	0.0422639	0.490418	
0	0	0	1	
396
-0.682083	0.449223	-0.577029	0.233656	
-0.510634	0.272256	0.815555	-0.424731	
0.523465	0.850926	0.043688	0.489434	
0	0	0	1	
397
-0.683405	0.447765	-0.576597	0.233458	
-0.507932	0.275669	0.816095	-0.425482	
0.524369	0.850596	0.0390402	0.491698	
0	0	0	1	
398
-0.680156	0.452313	-0.576889	0.233554	
-0.511969	0.270142	0.815421	-0.425514	
0.524667	0.849963	0.0478308	0.487382	
0	0	0	1	
399
-0.678143	0.453002	-0.578715	0.234448	
-0.513593	0.271135	0.814069	-0.424868	
0.525685	0.849279	0.0487905	0.486981	
0	0	0	1	
400
-0.676703	0.452342	-0.580913	0.236619	
-0.513602	0.275303	0.812663	-0.424636	
0.527528	0.84829	0.0460255	0.486952	
0	0	0	1	
401
-0.67135	0.45647	-0.583887	0.239142	
-0.517574	0.275133	0.810197	-0.423439	
0.530477	0.846131	0.0515457	0.484855	
0	0	0	1	
402
-0.663515	0.46317	-0.587556	0.242629	
-0.520482	0.278382	0.807219	-0.422099	
0.537444	0.841414	0.0563613	0.482182	
0	0	0	1	
403
-0.657875	0.464086	-0.593148	0.246953	
-0.525204	0.281767	0.802974	-0.419888	
0.539779	0.839781	0.0583719	0.48127	
0	0	0	1	
404
-0.651825	0.468399	-0.596428	0.250616	
-0.52737	0.285205	0.800337	-0.41838	
0.544981	0.836218	0.061116	0.479353	
0	0	0	1	
405
-0.645194	0.473474	-0.599623	0.253794	
-0.531469	0.285692	0.797447	-0.417039	
0.548877	0.833189	0.06731	0.476458	
0	0	0	1	
406
-0.640915	0.474467	-0.603415	0.257163	
-0.530572	0.294262	0.794924	-0.415726	
0.554727	0.829633	0.0631419	0.478081	
0	0	0	1	
407
-0.632854	0.481036	-0.606713	0.260221	
-0.535452	0.294103	0.791704	-0.414256	
0.559274	0.825898	0.0714475	0.474359	
0	0	0	1	
408
-0.625569	0.485377	-0.610796	0.263519	
-0.540997	0.294214	0.787883	-0.412556	
0.562125	0.823315	0.0785368	0.470243	
0	0	0	1	
409
-0.620522	0.488043	-0.613813	0.265878	
-0.541732	0.299157	0.785513	-0.411627	
0.566991	0.819951	0.078755	0.469155	
0	0	0	1	
410
-0.614076	0.488824	-0.619646	0.269766	
-0.549108	0.299331	0.780308	-0.409433	
0.566913	0.819422	0.0846054	0.465796	
0	0	0	1	
411
-0.606835	0.493709	-0.622899	0.272088	
-0.552899	0.300805	0.777058	-0.407938	
0.571012	0.815946	0.0904322	0.462377	
0	0	0	1	
412
-0.598793	0.496532	-0.628413	0.275968	
-0.556509	0.30632	0.772312	-0.405518	
0.575973	0.812173	0.0929021	0.460462	
0	0	0	1	
413
-0.588483	0.504777	-0.631575	0.279108	
-0.556853	0.313299	0.769259	-0.403814	
0.586176	0.80439	0.0967155	0.4582	
0	0	0	1	
414
-0.577742	0.509822	-0.637413	0.283432	
-0.565335	0.31334	0.76303	-0.400551	
0.588736	0.801186	0.107191	0.452576	
0	0	0	1	
415
-0.56544	0.514579	-0.644581	0.288722	
-0.573365	0.316553	0.755677	-0.396709	
0.5929	0.79687	0.11605	0.447861	
0	0	0	1	
416
-0.551117	0.525039	-0.64854	0.292643	
-0.572888	0.327015	0.751572	-0.394091	
0.606687	0.785745	0.120565	0.444779	
0	0	0	1	
417
-0.535325	0.531724	-0.656274	0.298738	
-0.580228	0.333136	0.743207	-0.389635	
0.61381	0.778646	0.130185	0.439069	
0	0	0	1	
418
-0.522476	0.536319	-0.662858	0.304122	
-0.58467	0.340509	0.736353	-0.385761	
0.620629	0.772279	0.135662	0.435768	
0	0	0	1	
419
-0.502819	0.542477	-0.672972	0.311671	
-0.598037	0.343816	0.723977	-0.379152	
0.62412	0.766492	0.151544	0.426996	
0	0	0	1	
420
-0.487696	0.550082	-0.677911	0.315946	
-0.597086	0.356332	0.71869	-0.376076	
0.6369	0.755273	0.154664	0.425014	
0	0	0	1	
421
-0.471115	0.555815	-0.684924	0.320978	
-0.603939	0.362687	0.70973	-0.371447	
0.642891	0.748016	0.164811	0.418227	
0	0	0	1	
422
-0.453465	0.56297	-0.690966	0.325015	
-0.608802	0.37056	0.70146	-0.366855	
0.650945	0.738749	0.174701	0.41297	
0	0	0	1	
423
-0.436845	0.568538	-0.697087	0.329184	
-0.614663	0.377143	0.692786	-0.36189	
0.656777	0.731114	0.184707	0.406945	
0	0	0	1	
424
-0.424018	0.572404	-0.701828	0.332826	
-0.615766	0.386045	0.686878	-0.358213	
0.664109	0.723411	0.188777	0.404331	
0	0	0	1	
425
-0.405706	0.579526	-0.70679	0.336231	
-0.623916	0.389505	0.677507	-0.352778	
0.667931	0.715846	0.203551	0.396455	
0	0	0	1	
426
-0.392677	0.581637	-0.712393	0.339207	
-0.627194	0.397171	0.669987	-0.348221	
0.672631	0.709897	0.208839	0.392643	
0	0	0	1	
427
-0.377994	0.585038	-0.717532	0.342038	
-0.630863	0.404477	0.662126	-0.343723	
0.677593	0.702943	0.216189	0.388267	
0	0	0	1	
428
-0.363498	0.589366	-0.721469	0.344276	
-0.632169	0.412794	0.655716	-0.339974	
0.684275	0.694441	0.222529	0.384049	
0	0	0	1	
429
-0.347337	0.591499	-0.727658	0.347369	
-0.638068	0.419564	0.645628	-0.334749	
0.687187	0.688546	0.231686	0.379116	
0	0	0	1	
430
-0.329859	0.597443	-0.730927	0.348418	
-0.642041	0.425646	0.637659	-0.330575	
0.692081	0.679623	0.24318	0.372854	
0	0	0	1	
431
-0.314078	0.600405	-0.735438	0.349993	
-0.645538	0.432959	0.629148	-0.325695	
0.696158	0.672355	0.251601	0.367759	
0	0	0	1	
432
-0.299258	0.602272	-0.740076	0.351446	
-0.649049	0.440047	0.62056	-0.320859	
0.699414	0.666053	0.259216	0.363299	
0	0	0	1	
433
-0.28322	0.602169	-0.746445	0.353927	
-0.649929	0.451831	0.611098	-0.315179	
0.705251	0.658211	0.263399	0.361007	
0	0	0	1	
434
-0.260915	0.605427	-0.751918	0.356467	
-0.656224	0.46003	0.598115	-0.30825	
0.708021	0.649484	0.277267	0.352945	
0	0	0	1	
435
-0.244167	0.608079	-0.755395	0.358035	
-0.653463	0.472379	0.591476	-0.304028	
0.716497	0.638042	0.282018	0.35117	
0	0	0	1	
436
-0.222686	0.610095	-0.760392	0.360577	
-0.659585	0.480069	0.578344	-0.297292	
0.717885	0.630332	0.295505	0.343511	
0	0	0	1	
437
-0.204298	0.612392	-0.763701	0.361435	
-0.658855	0.49098	0.569955	-0.292454	
0.723998	0.619608	0.303171	0.339752	
0	0	0	1	
438
-0.185709	0.615573	-0.765887	0.362099	
-0.659296	0.499887	0.561642	-0.288058	
0.728588	0.609248	0.313011	0.334262	
0	0	0	1	
439
-0.166734	0.61645	-0.769538	0.363689	
-0.66733	0.503996	0.548323	-0.281064	
0.725858	0.60496	0.327342	0.327188	
0	0	0	1	
440
-0.148712	0.619961	-0.770411	0.363048	
-0.65994	0.517984	0.544217	-0.278384	
0.736454	0.589356	0.332107	0.324219	
0	0	0	1	
441
-0.135273	0.615974	-0.776065	0.365102	
-0.666928	0.522647	0.531081	-0.271911	
0.73274	0.589421	0.34011	0.319433	
0	0	0	1	
442
-0.118627	0.619745	-0.775786	0.365113	
-0.661469	0.53337	0.527234	-0.269598	
0.740532	0.575702	0.34667	0.316391	
0	0	0	1	
443
-0.10144	0.619095	-0.778737	0.367586	
-0.664782	0.540167	0.516028	-0.264151	
0.740118	0.570037	0.356768	0.311014	
0	0	0	1	
444
-0.0846697	0.621724	-0.778646	0.367829	
-0.662281	0.548739	0.510167	-0.260947	
0.744456	0.558878	0.365295	0.30664	
0	0	0	1	
445
-0.069942	0.62224	-0.779696	0.368534	
-0.664419	0.553951	0.501684	-0.256802	
0.744081	0.553133	0.374683	0.302247	
0	0	0	1	
446
-0.0554968	0.620269	-0.782424	0.37031	
-0.657583	0.566973	0.496111	-0.254154	
0.751335	0.542041	0.376413	0.300913	
0	0	0	1	
447
-0.0397479	0.61823	-0.784991	0.372123	
-0.661651	0.572414	0.484315	-0.249054	
0.748758	0.53864	0.3863	0.296041	
0	0	0	1	
448
-0.0198079	0.616626	-0.787007	0.373919	
-0.664702	0.579882	0.471072	-0.242831	
0.746846	0.532456	0.398386	0.290536	
0	0	0	1	
449
-3.27691e-005	0.61451	-0.788909	0.376504	
-0.661142	0.591874	0.46106	-0.238054	
0.75026	0.521596	0.406259	0.286981	
0	0	0	1	
450
0.0223262	0.612912	-0.789836	0.379135	
-0.662465	0.600762	0.447465	-0.232047	
0.74876	0.513248	0.419445	0.280517	
0	0	0	1	
451
0.0453767	0.612851	-0.788895	0.380405	
-0.658497	0.612202	0.437711	-0.227417	
0.751214	0.499623	0.43134	0.275005	
0	0	0	1	
452
0.0664574	0.612053	-0.788019	0.380963	
-0.657132	0.621149	0.427027	-0.222074	
0.750841	0.489453	0.44348	0.269882	
0	0	0	1	
453
0.0912012	0.61075	-0.786554	0.38083	
-0.655303	0.631544	0.414404	-0.215799	
0.749841	0.477637	0.457823	0.262533	
0	0	0	1	
454
0.112012	0.609956	-0.784478	0.380171	
-0.654439	0.639345	0.403666	-0.210331	
0.747772	0.468178	0.470794	0.255852	
0	0	0	1	
455
0.130893	0.608642	-0.782574	0.378801	
-0.647121	0.650464	0.397657	-0.207089	
0.751067	0.454369	0.479006	0.251532	
0	0	0	1	
456
0.147627	0.604768	-0.7826	0.378065	
-0.646175	0.658022	0.386607	-0.201226	
0.748775	0.448623	0.487927	0.246848	
0	0	0	1	
457
0.16271	0.600751	-0.782703	0.378297	
-0.642066	0.666802	0.378319	-0.19692	
0.749184	0.440991	0.494217	0.243489	
0	0	0	1	
458
0.179574	0.598199	-0.780968	0.37803	
-0.638451	0.674837	0.370102	-0.192742	
0.748421	0.432149	0.503104	0.2395	
0	0	0	1	
459
0.196269	0.593284	-0.7807	0.378441	
-0.634153	0.684066	0.360421	-0.187884	
0.747883	0.424343	0.510494	0.236248	
0	0	0	1	
460
0.212004	0.587234	-0.78116	0.379168	
-0.630745	0.692773	0.349608	-0.182043	
0.746468	0.418594	0.517266	0.232974	
0	0	0	1	
461
0.227831	0.581976	-0.780639	0.379724	
-0.623673	0.702899	0.342	-0.177694	
0.747746	0.408946	0.523105	0.230336	
0	0	0	1	
462
0.239917	0.579959	-0.778516	0.379131	
-0.618628	0.709361	0.337798	-0.175114	
0.748158	0.400568	0.528966	0.228589	
0	0	0	1	
463
0.250701	0.576583	-0.777625	0.378658	
-0.615939	0.714715	0.331363	-0.172073	
0.746839	0.395897	0.53432	0.225543	
0	0	0	1	
464
0.264053	0.573703	-0.775333	0.377561	
-0.611616	0.72117	0.325329	-0.169101	
0.745789	0.388302	0.541313	0.222715	
0	0	0	1	
465
0.274944	0.5689	-0.775086	0.378224	
-0.606591	0.728102	0.31924	-0.166453	
0.745958	0.382387	0.545277	0.220884	
0	0	0	1	
466
0.286243	0.569922	-0.77023	0.375676	
-0.61029	0.728156	0.311986	-0.163445	
0.738655	0.380759	0.556247	0.215445	
0	0	0	1	
467
0.296715	0.567255	-0.768233	0.374163	
-0.604028	0.734576	0.30911	-0.162652	
0.739669	0.372317	0.560597	0.21367	
0	0	0	1	
468
0.307401	0.56535	-0.76543	0.37225	
-0.601397	0.738792	0.304151	-0.160832	
0.737446	0.366832	0.567106	0.210606	
0	0	0	1	
469
0.316438	0.559148	-0.766303	0.371676	
-0.595666	0.745817	0.298225	-0.157732	
0.738274	0.362091	0.569071	0.210146	
0	0	0	1	
470
0.32523	0.558211	-0.763299	0.369056	
-0.59455	0.74839	0.293979	-0.155401	
0.735348	0.358208	0.575283	0.207431	
0	0	0	1	
471
0.337135	0.555103	-0.760395	0.367201	
-0.586884	0.755457	0.291293	-0.153762	
0.736144	0.348058	0.580472	0.20507	
0	0	0	1	
472
0.347939	0.552297	-0.757566	0.365416	
-0.582518	0.760503	0.286895	-0.150799	
0.734582	0.341474	0.586331	0.203469	
0	0	0	1	
473
0.359287	0.551649	-0.752726	0.363229	
-0.579879	0.76394	0.283082	-0.148641	
0.7312	0.334782	0.594363	0.200139	
0	0	0	1	
474
0.372917	0.548038	-0.748724	0.361012	
-0.571113	0.771538	0.280283	-0.146949	
0.731275	0.323084	0.600711	0.197215	
0	0	0	1	
475
0.383482	0.544845	-0.745712	0.358315	
-0.565349	0.776968	0.276951	-0.144916	
0.730289	0.315382	0.60598	0.195193	
0	0	0	1	
476
0.39306	0.542511	-0.742419	0.356162	
-0.562129	0.780729	0.272897	-0.143063	
0.727678	0.31007	0.611835	0.19305	
0	0	0	1	
477
0.407087	0.536504	-0.739218	0.354971	
-0.553096	0.788855	0.267941	-0.140822	
0.726888	0.299783	0.617871	0.190467	
0	0	0	1	
478
0.420122	0.532854	-0.73455	0.353319	
-0.547832	0.794233	0.26282	-0.138768	
0.723449	0.291994	0.625589	0.18685	
0	0	0	1	
479
0.428503	0.532046	-0.730283	0.351626	
-0.550022	0.794836	0.256343	-0.135737	
0.716841	0.291828	0.633226	0.183475	
0	0	0	1	
480
0.43825	0.527157	-0.72804	0.350747	
-0.538624	0.802454	0.256809	-0.135634	
0.719598	0.279594	0.635615	0.18236	
0	0	0	1	
481
0.447199	0.525846	-0.723532	0.348652	
-0.534056	0.805883	0.255609	-0.133585	
0.717494	0.272098	0.641222	0.179208	
0	0	0	1	
482
0.450835	0.522572	-0.723648	0.347913	
-0.525642	0.810661	0.25793	-0.133831	
0.72142	0.264096	0.640161	0.180653	
0	0	0	1	
483
0.452545	0.522113	-0.722912	0.346926	
-0.529323	0.809686	0.253428	-0.131424	
0.71765	0.267966	0.642786	0.178836	
0	0	0	1	
484
0.454901	0.52271	-0.720999	0.346106	
-0.526703	0.810753	0.255467	-0.132634	
0.718087	0.26354	0.644125	0.177934	
0	0	0	1	
485
0.45805	0.520308	-0.720742	0.346073	
-0.520022	0.814429	0.257454	-0.133222	
0.720949	0.256876	0.643621	0.178358	
0	0	0	1	
486
0.465467	0.521172	-0.715347	0.343269	
-0.517445	0.815965	0.257784	-0.133442	
0.718047	0.250163	0.649482	0.175253	
0	0	0	1	
487
0.467666	0.520541	-0.714371	0.342282	
-0.516518	0.816789	0.257029	-0.132835	
0.717285	0.248782	0.650853	0.17512	
0	0	0	1	
488
0.472749	0.519831	-0.711537	0.340797	
-0.514072	0.818517	0.256435	-0.132187	
0.715708	0.244552	0.654184	0.173466	
0	0	0	1	
489
0.478908	0.517529	-0.709092	0.340288	
-0.506554	0.822618	0.258268	-0.132697	
0.716973	0.235507	0.656115	0.173199	
0	0	0	1	
490
0.487814	0.518215	-0.702489	0.337289	
-0.502694	0.824668	0.25927	-0.133826	
0.713678	0.226662	0.662788	0.169055	
0	0	0	1	
491
0.490414	0.517977	-0.700852	0.335747	
-0.507118	0.823638	0.253873	-0.13209	
0.708749	0.230912	0.666599	0.168077	
0	0	0	1	
492
0.497165	0.517698	-0.696287	0.332577	
-0.501838	0.826217	0.255978	-0.133764	
0.707803	0.22216	0.670567	0.165431	
0	0	0	1	
493
0.50282	0.516604	-0.693031	0.329913	
-0.499796	0.827903	0.254521	-0.134089	
0.705249	0.218395	0.674483	0.163464	
0	0	0	1	
494
0.507497	0.514778	-0.690978	0.328661	
-0.495284	0.830481	0.25494	-0.135571	
0.705081	0.212849	0.676428	0.16284	
0	0	0	1	
495
0.513629	0.514801	-0.686415	0.32661	
-0.494877	0.831275	0.253138	-0.13666	
0.700915	0.209672	0.68173	0.159829	
0	0	0	1	
496
0.52424	0.514242	-0.678769	0.32259	
-0.492057	0.83347	0.251411	-0.137331	
0.69502	0.202193	0.689974	0.155544	
0	0	0	1	
497
0.528301	0.513705	-0.676022	0.319826	
-0.489091	0.834958	0.252262	-0.138615	
0.694038	0.197366	0.692357	0.155239	
0	0	0	1	
498
0.534416	0.512771	-0.671911	0.316944	
-0.48836	0.836157	0.249691	-0.138471	
0.689858	0.194696	0.697273	0.15264	
0	0	0	1	
499
0.535458	0.514208	-0.669982	0.314621	
-0.492212	0.834638	0.247199	-0.138905	
0.686304	0.197408	0.700012	0.15118	
0	0	0	1	
500
0.53506	0.515125	-0.669595	0.312935	
-0.494557	0.833579	0.246089	-0.139239	
0.684927	0.19948	0.700773	0.150423	
0	0	0	1	
501
0.529963	0.515468	-0.673374	0.313114	
-0.490948	0.833947	0.251999	-0.142904	
0.691455	0.197041	0.695029	0.152198	
0	0	0	1	
502
0.533376	0.517719	-0.668937	0.310628	
-0.491669	0.83326	0.252864	-0.144854	
0.688311	0.194023	0.698987	0.150748	
0	0	0	1	
503
0.532762	0.520911	-0.666945	0.308631	
-0.498701	0.829975	0.249877	-0.145413	
0.683712	0.199481	0.701958	0.149121	
0	0	0	1	
504
0.531272	0.524077	-0.665652	0.304934	
-0.502257	0.827579	0.250701	-0.147401	
0.682267	0.201138	0.702891	0.147228	
0	0	0	1	
505
0.527059	0.524555	-0.668619	0.303217	
-0.504525	0.826254	0.250518	-0.148872	
0.683859	0.205297	0.700136	0.147005	
0	0	0	1	
506
0.523865	0.527794	-0.66858	0.301351	
-0.507934	0.823645	0.252215	-0.151874	
0.68379	0.207469	0.699563	0.145813	
0	0	0	1	
507
0.522068	0.530858	-0.667559	0.29934	
-0.512434	0.820904	0.252049	-0.153981	
0.681804	0.210493	0.700597	0.143664	
0	0	0	1	
508
0.520632	0.532906	-0.667048	0.296621	
-0.513721	0.819562	0.253789	-0.157132	
0.681933	0.210546	0.700456	0.142095	
0	0	0	1	
509
0.519205	0.533271	-0.667869	0.293292	
-0.516188	0.818487	0.252247	-0.158614	
0.681158	0.213778	0.700231	0.141049	
0	0	0	1	
510
0.511109	0.531709	-0.675318	0.292839	
-0.518302	0.817433	0.25133	-0.160364	
0.685661	0.221561	0.693383	0.141546	
0	0	0	1	
511
0.503912	0.532976	-0.679713	0.291676	
-0.523999	0.814212	0.249968	-0.162072	
0.686657	0.230207	0.68957	0.144041	
0	0	0	1	
512
0.501758	0.535406	-0.679396	0.289589	
-0.532534	0.810132	0.245138	-0.162297	
0.681649	0.238802	0.691613	0.142637	
0	0	0	1	
513
0.500697	0.535469	-0.680129	0.288236	
-0.533931	0.809484	0.244241	-0.164011	
0.681337	0.240852	0.691209	0.142511	
0	0	0	1	
514
0.498188	0.534659	-0.682604	0.287446	
-0.534017	0.809425	0.244249	-0.165514	
0.683106	0.24284	0.688763	0.143188	
0	0	0	1	
515
0.498453	0.531811	-0.684633	0.286799	
-0.532043	0.811174	0.242747	-0.165255	
0.684452	0.243256	0.687279	0.144803	
0	0	0	1	
516
0.495616	0.531776	-0.686716	0.286877	
-0.53318	0.810422	0.242765	-0.16526	
0.685626	0.245825	0.685191	0.1473	
0	0	0	1	
517
0.494582	0.533388	-0.686211	0.284309	
-0.533621	0.809561	0.244663	-0.166418	
0.68603	0.245171	0.685021	0.14887	
0	0	0	1	
518
0.492732	0.538592	-0.683472	0.281803	
-0.544617	0.803458	0.240515	-0.165548	
0.67868	0.253721	0.689216	0.146992	
0	0	0	1	
519
0.49118	0.538088	-0.684984	0.280746	
-0.539487	0.805326	0.245773	-0.168231	
0.683883	0.248821	0.685852	0.149171	
0	0	0	1	
520
0.48746	0.537202	-0.688329	0.280041	
-0.540139	0.804917	0.245678	-0.167588	
0.686027	0.252035	0.682528	0.150082	
0	0	0	1	
521
0.484194	0.540262	-0.688239	0.278684	
-0.5444	0.801815	0.246418	-0.167745	
0.684971	0.255363	0.682352	0.149941	
0	0	0	1	
522
0.486258	0.541184	-0.686056	0.277988	
-0.540497	0.803191	0.250494	-0.169633	
0.686597	0.249007	0.683067	0.149352	
0	0	0	1	
523
0.490016	0.540337	-0.684046	0.277229	
-0.538486	0.804721	0.249915	-0.169758	
0.685505	0.245887	0.68529	0.147744	
0	0	0	1	
524
0.492213	0.539217	-0.683353	0.276433	
-0.539691	0.804981	0.246456	-0.168435	
0.682979	0.24749	0.687232	0.146058	
0	0	0	1	
525
0.496277	0.537492	-0.68177	0.275201	
-0.539607	0.806158	0.242764	-0.166587	
0.680098	0.24741	0.690112	0.143287	
0	0	0	1	
526
0.502204	0.537762	-0.677202	0.272835	
-0.539061	0.807024	0.241093	-0.165415	
0.676169	0.243975	0.695177	0.138789	
0	0	0	1	
527
0.506373	0.534373	-0.676781	0.272756	
-0.535384	0.810076	0.239042	-0.163808	
0.675982	0.241293	0.696295	0.137786	
0	0	0	1	
528
0.514739	0.530802	-0.67327	0.271558	
-0.533668	0.812981	0.232942	-0.160202	
0.671001	0.239398	0.701745	0.13421	
0	0	0	1	
529
0.523901	0.527602	-0.668703	0.27064	
-0.530448	0.81634	0.228502	-0.157811	
0.666447	0.235	0.707547	0.130592	
0	0	0	1	
530
0.534146	0.523512	-0.663795	0.26924	
-0.52758	0.81995	0.22213	-0.154324	
0.660566	0.231555	0.714167	0.126135	
0	0	0	1	
531
0.546097	0.518772	-0.657764	0.266874	
-0.525572	0.823598	0.213217	-0.149372	
0.652344	0.229265	0.722416	0.121443	
0	0	0	1	
532
0.557378	0.511694	-0.653833	0.265595	
-0.517907	0.82979	0.207896	-0.146206	
0.648924	0.222748	0.727517	0.116859	
0	0	0	1	
533
0.566933	0.506979	-0.649276	0.264339	
-0.514787	0.833369	0.201225	-0.142145	
0.643103	0.220158	0.73345	0.114047	
0	0	0	1	
534
0.577511	0.500181	-0.645213	0.26359	
-0.50801	0.838851	0.195587	-0.138426	
0.639067	0.214821	0.738543	0.10904	
0	0	0	1	
535
0.591162	0.493002	-0.638339	0.262179	
-0.500144	0.844973	0.18941	-0.134286	
0.632759	0.20729	0.746088	0.104404	
0	0	0	1	
536
0.602544	0.487738	-0.631706	0.260944	
-0.494611	0.849404	0.184045	-0.130666	
0.626339	0.201553	0.753044	0.098863	
0	0	0	1	
537
0.617682	0.480329	-0.622698	0.258587	
-0.486704	0.855433	0.17707	-0.126436	
0.617729	0.193696	0.762164	0.0933213	
0	0	0	1	
538
0.627261	0.472709	-0.618943	0.257804	
-0.481887	0.859904	0.168377	-0.121175	
0.611824	0.192644	0.767176	0.089846	
0	0	0	1	
539
0.639287	0.464801	-0.612595	0.25564	
-0.47419	0.86543	0.161786	-0.116316	
0.605356	0.187059	0.773662	0.0847939	
0	0	0	1	
540
0.651727	0.458603	-0.604099	0.2528	
-0.46669	0.870333	0.15723	-0.11282	
0.597874	0.179456	0.781244	0.079936	
0	0	0	1	
541
0.662745	0.451972	-0.597068	0.249917	
-0.461216	0.87451	0.150043	-0.107401	
0.589957	0.175937	0.788034	0.0755705	
0	0	0	1	
542
0.673665	0.44513	-0.589945	0.247314	
-0.45182	0.879768	0.147871	-0.105092	
0.584837	0.166934	0.793788	0.0703939	
0	0	0	1	
543
0.695781	0.42947	-0.575713	0.242512	
-0.438098	0.888935	0.13366	-0.0970546	
0.569174	0.15922	0.806653	0.0608935	
0	0	0	1	
544
0.70637	0.420607	-0.569326	0.240351	
-0.428303	0.894334	0.129316	-0.0944629	
0.563559	0.152499	0.811878	0.0571129	
0	0	0	1	
545
0.718614	0.410351	-0.561432	0.237336	
-0.418748	0.899903	0.121756	-0.0897919	
0.555197	0.147603	0.818516	0.0524176	
0	0	0	1	
546
0.733432	0.400397	-0.549327	0.232418	
-0.407297	0.905841	0.116454	-0.0861528	
0.544231	0.138328	0.827453	0.0462759	
0	0	0	1	
547
0.743046	0.389713	-0.544064	0.230626	
-0.395435	0.911532	0.112872	-0.0834292	
0.53992	0.131272	0.831417	0.0439519	
0	0	0	1	
548
0.753837	0.380785	-0.535474	0.226651	
-0.386829	0.915949	0.106774	-0.0797444	
0.531124	0.126647	0.837775	0.039773	
0	0	0	1	
549
0.764847	0.369654	-0.527604	0.223294	
-0.375871	0.921203	0.100534	-0.0754401	
0.523193	0.121418	0.843521	0.0361537	
0	0	0	1	
550
0.776849	0.36036	-0.516379	0.21842	
-0.367514	0.925368	0.0928815	-0.0695973	
0.511311	0.117622	0.851308	0.0314211	
0	0	0	1	
551
0.78849	0.35112	-0.504974	0.213476	
-0.355671	0.930133	0.0913815	-0.0665877	
0.501779	0.107551	0.858284	0.0270786	
0	0	0	1	
552
0.797681	0.340292	-0.497902	0.209387	
-0.342775	0.935102	0.0899425	-0.0641665	
0.496196	0.0989231	0.862557	0.023689	
0	0	0	1	
553
0.807855	0.326917	-0.490404	0.20551	
-0.330478	0.940213	0.082366	-0.0594449	
0.488011	0.0955281	0.867594	0.0198428	
0	0	0	1	
554
0.817762	0.316438	-0.480763	0.201251	
-0.31918	0.94442	0.078703	-0.0568766	
0.478947	0.0890895	0.873311	0.0157414	
0	0	0	1	
555
0.827634	0.305342	-0.470944	0.196862	
-0.308753	0.94839	0.0722997	-0.0526216	
0.468715	0.0855674	0.879196	0.0123595	
0	0	0	1	
556
0.841566	0.295987	-0.451839	0.18789	
-0.300895	0.951579	0.0629267	-0.0465647	
0.448586	0.0829988	0.889878	0.00577813	
0	0	0	1	
557
0.850657	0.28481	-0.441889	0.183485	
-0.288609	0.955547	0.0602919	-0.0436558	
0.439417	0.0762455	0.895041	0.0034281	
0	0	0	1	
558
0.861313	0.274496	-0.427541	0.176991	
-0.275535	0.959363	0.0608585	-0.0430428	
0.426872	0.0653842	0.901945	-0.000721991	
0	0	0	1	
559
0.871773	0.263606	-0.412945	0.170342	
-0.265346	0.962622	0.0543202	-0.0397243	
0.411829	0.0622185	0.909135	-0.00398153	
0	0	0	1	
560
0.879866	0.250136	-0.404063	0.166398	
-0.251941	0.966467	0.0496791	-0.0370861	
0.40294	0.0580892	0.913381	-0.00531942	
0	0	0	1	
561
0.888122	0.240304	-0.391782	0.160605	
-0.241233	0.969295	0.0476823	-0.0358387	
0.391211	0.0521631	0.918822	-0.00806856	
0	0	0	1	
562
0.89691	0.231592	-0.376721	0.153399	
-0.231802	0.971699	0.0454784	-0.0341711	
0.376592	0.0465345	0.92521	-0.0103908	
0	0	0	1	
563
0.904754	0.224095	-0.362218	0.146525	
-0.224048	0.973641	0.042737	-0.0316921	
0.362247	0.0424875	0.931113	-0.0136483	
0	0	0	1	
564
0.909933	0.216846	-0.353554	0.142464	
-0.215975	0.975476	0.0424407	-0.0304472	
0.354086	0.0377408	0.934451	-0.0150138	
0	0	0	1	
565
0.915452	0.211898	-0.342122	0.136253	
-0.210966	0.976658	0.0404041	-0.0280261	
0.342698	0.0351881	0.938786	-0.0170743	
0	0	0	1	
566
0.918746	0.207332	-0.336033	0.132498	
-0.204401	0.977875	0.0444964	-0.0288438	
0.337824	0.0278046	0.940799	-0.0173122	
0	0	0	1	
567
0.924461	0.199471	-0.324935	0.126445	
-0.192033	0.979837	0.0551564	-0.0319577	
0.329385	0.0114082	0.944127	-0.0187597	
0	0	0	1	
568
0.929078	0.195508	-0.313991	0.120659	
-0.189346	0.98062	0.0503244	-0.0291501	
0.317745	0.0126978	0.948091	-0.0210754	
0	0	0	1	
569
0.929842	0.19287	-0.313362	0.119328	
-0.18597	0.981175	0.0520667	-0.0290542	
0.317505	0.0098621	0.948205	-0.0193814	
0	0	0	1	
570
0.932687	0.189738	-0.306748	0.114844	
-0.181078	0.981831	0.0567281	-0.0318015	
0.311938	0.00263572	0.950099	-0.019982	
0	0	0	1	
571
0.934452	0.185636	-0.303874	0.113165	
-0.178063	0.982607	0.0527069	-0.0300542	
0.308373	0.00485665	0.951253	-0.0192207	
0	0	0	1	
572
0.936824	0.183357	-0.297894	0.110333	
-0.175394	0.983044	0.053492	-0.0304966	
0.302651	0.00213596	0.953099	-0.01877	
0	0	0	1	
573
0.93851	0.179275	-0.295059	0.109057	
-0.170713	0.983798	0.0547518	-0.0314901	
0.300095	-0.00101465	0.953909	-0.0182136	
0	0	0	1	
574
0.94154	0.176063	-0.287235	0.105471	
-0.166079	0.984348	0.0589662	-0.0340982	
0.293121	-0.00781524	0.956043	-0.0179432	
0	0	0	1	
575
0.94214	0.176124	-0.285223	0.103561	
-0.16674	0.984348	0.0570617	-0.0342797	
0.290809	-0.00620219	0.956761	-0.0172127	
0	0	0	1	
576
0.942967	0.172816	-0.284514	0.102239	
-0.163367	0.984929	0.0568053	-0.0350372	
0.290042	-0.00708532	0.956988	-0.01594	
0	0	0	1	
577
0.944667	0.171957	-0.279348	0.0987265	
-0.162648	0.985074	0.0563553	-0.0361737	
0.284869	-0.00780168	0.958535	-0.0157351	
0	0	0	1	
578
0.945082	0.169031	-0.27973	0.0978824	
-0.159338	0.985565	0.0572107	-0.0376465	
0.285363	-0.00949717	0.958373	-0.015113	
0	0	0	1	
579
0.946528	0.165642	-0.276854	0.0959619	
-0.155222	0.986098	0.0592999	-0.0397752	
0.282828	-0.0131551	0.959081	-0.0155385	
0	0	0	1	
580
0.947952	0.161986	-0.27413	0.094368	
-0.153172	0.986755	0.0534056	-0.0376526	
0.27915	-0.00863683	0.960209	-0.0144332	
0	0	0	1	
581
0.949244	0.158167	-0.271879	0.0936145	
-0.148916	0.987349	0.0544664	-0.0381801	
0.277055	-0.0112148	0.960789	-0.0136254	
0	0	0	1	
582
0.951085	0.15619	-0.266538	0.0917699	
-0.146671	0.987634	0.0553852	-0.0385641	
0.271893	-0.0135826	0.962232	-0.0133017	
0	0	0	1	
583
0.953612	0.153082	-0.259209	0.0884336	
-0.143277	0.988073	0.0564258	-0.0384053	
0.264755	-0.0166696	0.964172	-0.0134087	
0	0	0	1	
584
0.95554	0.150009	-0.25385	0.0864055	
-0.139549	0.988466	0.0588298	-0.0382759	
0.259747	-0.0207897	0.965453	-0.013213	
0	0	0	1	
585
0.957322	0.147605	-0.248488	0.0844771	
-0.136173	0.9887	0.0626838	-0.0389499	
0.254933	-0.0261712	0.966604	-0.0126862	
0	0	0	1	
586
0.960013	0.144502	-0.239781	0.0810845	
-0.13272	0.989042	0.0646682	-0.0386033	
0.246498	-0.0302588	0.968671	-0.0129483	
0	0	0	1	
587
0.96265	0.140486	-0.231449	0.0783356	
-0.127887	0.98941	0.0686423	-0.0394385	
0.238642	-0.0364791	0.970422	-0.0133321	
0	0	0	1	
588
0.965278	0.136291	-0.222851	0.0747578	
-0.123556	0.989852	0.0701877	-0.0388256	
0.230155	-0.040216	0.972323	-0.0145226	
0	0	0	1	
589
0.967115	0.129837	-0.218703	0.0736526	
-0.116182	0.99045	0.0742377	-0.0397549	
0.226253	-0.046387	0.972963	-0.0142446	
0	0	0	1	
590
0.970042	0.123383	-0.209273	0.0704163	
-0.110494	0.991247	0.0722466	-0.0382381	
0.216356	-0.0469588	0.975185	-0.0150269	
0	0	0	1	
591
0.972509	0.118052	-0.200722	0.0671787	
-0.104347	0.991511	0.0775769	-0.0400044	
0.208176	-0.0544996	0.976572	-0.0174558	
0	0	0	1	
592
0.974966	0.111437	-0.192415	0.0630946	
-0.0977881	0.992062	0.0790589	-0.0397982	
0.199698	-0.0582638	0.978124	-0.0192266	
0	0	0	1	
593
0.976587	0.104824	-0.187855	0.0605214	
-0.0910766	0.992593	0.0803991	-0.0395616	
0.194891	-0.0614077	0.978901	-0.0200471	
0	0	0	1	
594
0.978524	0.0981246	-0.181281	0.0577052	
-0.0839387	0.992894	0.0843521	-0.0409162	
0.18827	-0.0673241	0.979807	-0.0215078	
0	0	0	1	
595
0.981463	0.0923424	-0.16794	0.0511628	
-0.0793501	0.993427	0.0825066	-0.0395511	
0.174455	-0.067651	0.982338	-0.0234117	
0	0	0	1	
596
0.983368	0.0824955	-0.16181	0.0473636	
-0.06927	0.993906	0.0857485	-0.0407271	
0.167898	-0.0731138	0.983089	-0.0252998	
0	0	0	1	
597
0.985111	0.0724244	-0.155922	0.0432836	
-0.05926	0.994401	0.0874874	-0.0419065	
0.161385	-0.0769449	0.983887	-0.0265779	
0	0	0	1	
598
0.986564	0.0608195	-0.151634	0.0410177	
-0.0485362	0.995331	0.0834342	-0.0411069	
0.156	-0.0749534	0.984909	-0.0288599	
0	0	0	1	
599
0.988231	0.0524116	-0.143708	0.0372681	
-0.0408782	0.995788	0.0820673	-0.0409568	
0.147404	-0.0752268	0.986211	-0.0296571	
0	0	0	1	
600
0.990202	0.0451482	-0.132139	0.0321017	
-0.0340921	0.995817	0.0847687	-0.0426622	
0.135413	-0.0794334	0.9876	-0.0323074	
0	0	0	1	
601
0.991626	0.0353223	-0.124221	0.0296957	
-0.025188	0.996295	0.0822274	-0.041736	
0.126665	-0.0784099	0.988842	-0.0335569	
0	0	0	1	
602
0.993362	0.0284503	-0.11146	0.0241979	
-0.0195742	0.996608	0.0799348	-0.0403443	
0.113356	-0.0772224	0.990549	-0.0348525	
0	0	0	1	
603
0.99448	0.0199262	-0.103015	0.0212317	
-0.0113085	0.996438	0.0835714	-0.0416961	
0.104314	-0.0819452	0.991163	-0.0355899	
0	0	0	1	
604
0.995259	0.0132718	-0.0963467	0.019077	
-0.00516826	0.996463	0.0838747	-0.0414137	
0.0971191	-0.0829791	0.991808	-0.0364867	
0	0	0	1	
605
0.996197	0.00714086	-0.0868411	0.0155892	
0.000136647	0.996507	0.0835094	-0.039818	
0.0871341	-0.0832036	0.992716	-0.0363588	
0	0	0	1	
606
0.996625	0.00405538	-0.081983	0.0147496	
0.00327754	0.996016	0.0891125	-0.0416849	
0.0820177	-0.0890805	0.992642	-0.0378944	
0	0	0	1	
607
0.997144	0.00244471	-0.0754798	0.0127815	
0.00414382	0.996199	0.0870088	-0.0398044	
0.0754056	-0.0870731	0.993344	-0.0376791	
0	0	0	1	
608
0.997307	0.00219055	-0.0733099	0.0128899	
0.00454997	0.995781	0.0916522	-0.0412805	
0.0732014	-0.0917389	0.993089	-0.0396205	
0	0	0	1	
609
0.997329	-0.00158092	-0.0730217	0.0136451	
0.00836855	0.995655	0.0927415	-0.0406784	
0.0725578	-0.0931048	0.993009	-0.0407211	
0	0	0	1	
610
0.997308	-0.00573774	-0.0730972	0.0149706	
0.0125826	0.995537	0.0935276	-0.0406935	
0.0722343	-0.0941955	0.99293	-0.0406954	
0	0	0	1	
611
0.997611	-0.00750368	-0.0686657	0.0140009	
0.0140207	0.995386	0.0949265	-0.0415762	
0.0676366	-0.0956624	0.993113	-0.0434686	
0	0	0	1	
612
0.997831	-0.0101341	-0.0650445	0.0124203	
0.0162468	0.995426	0.094148	-0.0410427	
0.0637928	-0.0950005	0.993431	-0.0441868	
0	0	0	1	
613
0.997551	-0.0139036	-0.0685516	0.0130423	
0.0202888	0.995427	0.0933461	-0.0409844	
0.0669403	-0.0945083	0.993271	-0.0459545	
0	0	0	1	
614
0.997387	-0.0168041	-0.0702701	0.0133259	
0.0232771	0.995456	0.0923373	-0.0403671	
0.0683991	-0.0937316	0.993245	-0.0473744	
0	0	0	1	
615
0.997092	-0.0193984	-0.0736951	0.0149944	
0.0259401	0.995705	0.0888737	-0.0381534	
0.0716546	-0.090527	0.993313	-0.0479266	
0	0	0	1	
616
0.997305	-0.0171811	-0.0713213	0.0139482	
0.0238008	0.995379	0.0930297	-0.0391671	
0.0693934	-0.0944766	0.993106	-0.0487263	
0	0	0	1	
617
0.997491	-0.0191787	-0.0681422	0.0130391	
0.0255229	0.995293	0.093488	-0.0379851	
0.0660285	-0.0949926	0.993286	-0.0493569	
0	0	0	1	
618
0.997743	-0.0174435	-0.0648436	0.0118125	
0.0236024	0.995153	0.0954638	-0.0381841	
0.062864	-0.0967788	0.993319	-0.0509305	
0	0	0	1	
619
0.997618	-0.0178598	-0.0666253	0.0121445	
0.0240788	0.995306	0.09374	-0.0362861	
0.0646384	-0.095121	0.993365	-0.0518339	
0	0	0	1	
620
0.997325	-0.0201379	-0.0702675	0.0130492	
0.0267757	0.995132	0.0948402	-0.0357627	
0.0680156	-0.0964679	0.993009	-0.052827	
0	0	0	1	
621
0.997455	-0.019381	-0.0686119	0.0122038	
0.0261062	0.994793	0.0985198	-0.0374837	
0.0663452	-0.10006	0.992767	-0.0541941	
0	0	0	1	
622
0.997782	-0.0181041	-0.0640555	0.00922548	
0.0241923	0.995127	0.0955856	-0.0360879	
0.0620129	-0.0969232	0.993358	-0.0552441	
0	0	0	1	
623
0.99715	-0.0226257	-0.0719691	0.0118813	
0.029445	0.995027	0.0951512	-0.0356323	
0.0694583	-0.096999	0.992858	-0.0576024	
0	0	0	1	
624
0.997363	-0.0226381	-0.068947	0.0093002	
0.029183	0.995006	0.0954492	-0.0355826	
0.0664419	-0.0972097	0.993044	-0.0581699	
0	0	0	1	
625
0.996896	-0.0216918	-0.0756784	0.0118984	
0.0289643	0.994925	0.0963634	-0.0362686	
0.073204	-0.0982563	0.992465	-0.0590389	
0	0	0	1	
626
0.997219	-0.0209232	-0.0715252	0.00874064	
0.027714	0.995062	0.0953098	-0.0361198	
0.0691778	-0.097027	0.992875	-0.0600666	
0	0	0	1	
627
0.997295	-0.0207109	-0.070522	0.00588734	
0.0272079	0.995345	0.092451	-0.0353169	
0.068279	-0.0941197	0.993217	-0.0598707	
0	0	0	1	
628
0.996588	-0.0227721	-0.0793308	0.00816121	
0.0300006	0.995385	0.0911525	-0.0357964	
0.076889	-0.0932215	0.992672	-0.0606756	
0	0	0	1	
629
0.996496	-0.0226143	-0.080528	0.00564019	
0.0297038	0.995681	0.0879568	-0.0351752	
0.0781911	-0.0900407	0.992864	-0.0610723	
0	0	0	1	
630
0.996147	-0.0206575	-0.0852364	0.00525226	
0.0281625	0.995739	0.0878084	-0.0354978	
0.0830593	-0.0898705	0.992484	-0.0611885	
0	0	0	1	
631
0.99577	-0.0185604	-0.0899841	0.00624203	
0.0265213	0.995759	0.0880983	-0.0356007	
0.0879673	-0.0901121	0.992039	-0.0616173	
0	0	0	1	
632
0.995865	-0.017808	-0.0890808	0.00564408	
0.02564	0.995829	0.0875634	-0.0349714	
0.0871499	-0.0894853	0.992168	-0.0613888	
0	0	0	1	
633
0.995678	-0.0190264	-0.0909058	0.00682122	
0.0269912	0.995824	0.0872071	-0.0346705	
0.0888669	-0.0892839	0.992034	-0.0616003	
0	0	0	1	
634
0.995953	-0.0153117	-0.0885577	0.00545651	
0.0232266	0.995756	0.0890483	-0.0351426	
0.0868184	-0.0907449	0.992083	-0.0618043	
0	0	0	1	
635
0.995735	-0.0164288	-0.0907857	0.00710307	
0.024681	0.995587	0.0905374	-0.0361704	
0.0888977	-0.0923919	0.991746	-0.0617991	
0	0	0	1	
636
0.996471	-0.0146172	-0.0826618	0.00357499	
0.021965	0.995817	0.0886925	-0.0361892	
0.0810195	-0.0901952	0.992623	-0.0615547	
0	0	0	1	
637
0.996747	-0.013977	-0.0793676	0.00216992	
0.0208298	0.996062	0.0861824	-0.0366061	
0.0778504	-0.0875553	0.993113	-0.0620873	
0	0	0	1	
638
0.996752	-0.0126008	-0.0795383	0.00184612	
0.0195977	0.995944	0.087811	-0.0396895	
0.0781092	-0.0890846	0.992957	-0.0632865	
0	0	0	1	
639
0.996844	-0.0143061	-0.0780912	4.24683e-007	
0.020683	0.996461	0.0814725	-0.0392289	
0.0766492	-0.0828305	0.993612	-0.0638374	
0	0	0	1	
