0
1	-1.86265e-009	2.32831e-010	0	
-5.12227e-009	1	-5.96046e-008	-1.49012e-008	
6.98492e-010	0	1	0	
0	0	0	1	
1
1	-0.000725444	0.000689703	-0.000346497	
0.000726517	0.999998	-0.00156817	0.000609271	
-0.000688555	0.00156865	0.999998	1.15037e-005	
0	0	0	1	
2
1	0.000173435	-0.000396157	-0.000426579	
-0.000174511	0.999996	-0.0027073	0.00159853	
0.000395689	0.00270733	0.999996	7.45654e-005	
0	0	0	1	
3
0.999984	0.00265185	0.00501639	-0.003837	
-0.00263251	0.999989	-0.00385842	0.00270173	
-0.00502656	0.00384516	0.99998	0.000379801	
0	0	0	1	
4
0.999992	0.00346406	0.00209696	-0.0027873	
-0.00346484	0.999994	0.000365108	0.00104772	
-0.00209567	-0.00037238	0.999998	0.000231028	
0	0	0	1	
5
0.999986	0.00363698	0.00376897	-0.00349932	
-0.00365208	0.999985	0.00400501	-0.000170339	
-0.00375435	-0.00401875	0.999985	0.00104755	
0	0	0	1	
6
0.999993	0.00347654	0.0011661	-0.00196863	
-0.00348298	0.999978	0.00556484	-0.000610519	
-0.00114672	-0.00556889	0.999984	0.00140572	
0	0	0	1	
7
0.999995	0.00326323	-0.000205833	-0.00109189	
-0.0032629	0.999993	0.00161257	0.00122745	
0.000211101	-0.00161189	0.999999	0.000948489	
0	0	0	1	
8
0.999978	0.00520181	0.00421969	-0.00394955	
-0.00524231	0.99994	0.00964311	-0.00237928	
-0.00416926	-0.00966501	0.999945	0.000647545	
0	0	0	1	
9
0.999992	0.00397887	0.000804859	-0.00338896	
-0.00398234	0.999982	0.00434867	-9.08263e-005	
-0.000787534	-0.00435188	0.99999	0.000825346	
0	0	0	1	
10
0.999992	0.00376894	-0.00132471	-0.00296516	
-0.00375846	0.999962	0.00782752	-0.00215317	
0.00135416	-0.00782251	0.999968	0.000589848	
0	0	0	1	
11
0.999981	0.00609191	-0.000980297	-0.00426395	
-0.00607921	0.999904	0.0124828	-0.00421755	
0.00105625	-0.0124765	0.999922	0.000821114	
0	0	0	1	
12
0.999979	0.00499842	-0.00414649	-0.00347983	
-0.00494794	0.999915	0.0120962	-0.00425271	
0.00420661	-0.0120755	0.999918	0.000860035	
0	0	0	1	
13
0.999972	0.00649842	-0.00369191	-0.00427501	
-0.00644928	0.999892	0.013171	-0.00530502	
0.00377711	-0.0131468	0.999906	0.000683367	
0	0	0	1	
14
0.999945	0.00955905	0.00440381	-0.00899712	
-0.0096286	0.999825	0.0160509	-0.0067012	
-0.00424961	-0.0160924	0.999862	0.00112045	
0	0	0	1	
15
0.999925	0.0109267	0.00557693	-0.0109846	
-0.011006	0.999836	0.0143938	-0.0055778	
-0.00541874	-0.0144541	0.999881	0.000878334	
0	0	0	1	
16
0.999906	0.0130435	0.00413923	-0.0125333	
-0.0131113	0.999773	0.0167968	-0.00607282	
-0.0039192	-0.0168495	0.99985	0.00134754	
0	0	0	1	
17
0.99984	0.0164509	0.00702458	-0.0168346	
-0.0165501	0.99976	0.0143148	-0.00454839	
-0.0067874	-0.0144288	0.999873	0.000874519	
0	0	0	1	
18
0.999854	0.0165275	0.004257	-0.0169249	
-0.0166058	0.99968	0.0190613	-0.00521136	
-0.0039406	-0.0191293	0.999809	0.00127256	
0	0	0	1	
19
0.999792	0.0195562	0.00582395	-0.0192835	
-0.0196922	0.999511	0.0242836	-0.00620335	
-0.00534621	-0.0243933	0.999688	0.00257361	
0	0	0	1	
20
0.999706	0.0224742	0.00906025	-0.0242974	
-0.0227063	0.999394	0.0263858	-0.00664755	
-0.00846176	-0.0265838	0.999611	0.00393385	
0	0	0	1	
21
0.999729	0.0231588	0.00250526	-0.0295458	
-0.0232194	0.999346	0.0276984	-0.00822974	
-0.00186217	-0.027749	0.999613	0.00398809	
0	0	0	1	
22
0.999672	0.0256047	-0.000558106	-0.0326608	
-0.02558	0.999301	0.0272529	-0.00895053	
0.00125552	-0.0272297	0.999628	0.00471979	
0	0	0	1	
23
0.999619	0.0255998	-0.0103105	-0.0332709	
-0.025324	0.99934	0.0260486	-0.00900738	
0.0109706	-0.0257775	0.999607	0.00425416	
0	0	0	1	
24
0.999503	0.0287907	-0.0128498	-0.0357675	
-0.0284352	0.99923	0.0270416	-0.00962119	
0.0136185	-0.0266628	0.999552	0.00266421	
0	0	0	1	
25
0.999355	0.0318461	-0.0165871	-0.0368986	
-0.0314325	0.999202	0.0246271	-0.00860398	
0.0173582	-0.0240899	0.999559	0.00279909	
0	0	0	1	
26
0.999178	0.0334134	-0.0229458	-0.0347665	
-0.0328438	0.999153	0.0247671	-0.00849205	
0.0237539	-0.0239931	0.99943	0.00270146	
0	0	0	1	
27
0.999142	0.0358	-0.0208056	-0.0359119	
-0.0352242	0.999003	0.0274132	-0.00969011	
0.0217663	-0.0266568	0.999408	0.00216568	
0	0	0	1	
28
0.999195	0.0370378	-0.015397	-0.0381553	
-0.0366354	0.999	0.02564	-0.0093736	
0.0163312	-0.0250552	0.999553	0.00252146	
0	0	0	1	
29
0.999174	0.0381665	-0.013936	-0.0378891	
-0.0377446	0.998855	0.0293786	-0.0125171	
0.0150414	-0.0288283	0.999471	0.0015105	
0	0	0	1	
30
0.999193	0.0375939	-0.0141407	-0.0372169	
-0.0371605	0.998866	0.0297613	-0.0143194	
0.0152435	-0.0292118	0.999457	0.000845194	
0	0	0	1	
31
0.999239	0.0373039	-0.0114158	-0.0381993	
-0.0369786	0.998938	0.0274842	-0.0152147	
0.0124289	-0.027041	0.999557	0.000758469	
0	0	0	1	
32
0.999276	0.0370641	-0.00860344	-0.0391013	
-0.0368581	0.999056	0.0229792	-0.0145329	
0.00944703	-0.0226455	0.999699	-0.000637949	
0	0	0	1	
33
0.999376	0.0343868	-0.00805555	-0.0378932	
-0.0342048	0.999178	0.0217313	-0.0137551	
0.00879621	-0.0214423	0.999731	-0.00117493	
0	0	0	1	
34
0.999454	0.0329045	-0.00309697	-0.0390404	
-0.0328352	0.999256	0.020243	-0.0114252	
0.00376075	-0.0201303	0.99979	-0.000836849	
0	0	0	1	
35
0.999498	0.0313279	-0.00476645	-0.036635	
-0.0311792	0.999104	0.0286116	-0.0128943	
0.00565853	-0.0284486	0.999579	-6.02007e-006	
0	0	0	1	
36
0.999588	0.0286784	-0.00102597	-0.0354283	
-0.0286316	0.999089	0.0316358	-0.013294	
0.0019323	-0.0315935	0.999499	0.000952065	
0	0	0	1	
37
0.999611	0.0275868	0.00412628	-0.0362585	
-0.0277071	0.999082	0.032678	-0.0135211	
-0.00322099	-0.0327796	0.999457	-7.95126e-005	
0	0	0	1	
38
0.999665	0.0254585	0.00468671	-0.0357407	
-0.0256042	0.999086	0.0342305	-0.0126305	
-0.00381096	-0.034339	0.999403	0.00132662	
0	0	0	1	
39
0.999706	0.0235968	0.00558662	-0.0344683	
-0.0237992	0.998938	0.0394504	-0.0133558	
-0.00464978	-0.0395718	0.999206	0.00173831	
0	0	0	1	
40
0.999643	0.0224145	0.0145373	-0.0374626	
-0.0230584	0.998686	0.0457547	-0.0153609	
-0.0134926	-0.0460736	0.998847	0.00177652	
0	0	0	1	
41
0.999659	0.0191233	0.0178069	-0.0381338	
-0.0200079	0.998503	0.0509005	-0.0166839	
-0.0168068	-0.0512394	0.998545	0.0020262	
0	0	0	1	
42
0.999744	0.0148724	0.0170556	-0.0362689	
-0.0157279	0.998566	0.0511727	-0.016338	
-0.0162701	-0.0514278	0.998544	0.00289214	
0	0	0	1	
43
0.999565	0.0173674	0.0238386	-0.039021	
-0.0185887	0.998474	0.0520041	-0.0176922	
-0.022899	-0.0524246	0.998362	0.00177246	
0	0	0	1	
44
0.999629	0.0166587	0.021565	-0.0387675	
-0.0176851	0.998675	0.0483162	-0.0164226	
-0.0207316	-0.0486796	0.998599	0.00128371	
0	0	0	1	
45
0.999624	0.0177537	0.020891	-0.0396525	
-0.0186981	0.99877	0.0459143	-0.0161999	
-0.0200502	-0.0462877	0.998727	0.000550032	
0	0	0	1	
46
0.999703	0.0175741	0.0168801	-0.0390409	
-0.0182951	0.998883	0.0435524	-0.0159145	
-0.0160958	-0.0438483	0.998909	-0.000627398	
0	0	0	1	
47
0.999734	0.0178546	0.0146104	-0.0384088	
-0.0184445	0.998977	0.0412837	-0.0153596	
-0.0138583	-0.0415422	0.999041	-0.0011813	
0	0	0	1	
48
0.999686	0.0196762	0.0154867	-0.0384325	
-0.0202487	0.999083	0.0377172	-0.0144539	
-0.0147303	-0.038019	0.999168	-0.00205791	
0	0	0	1	
49
0.999672	0.019479	0.0166038	-0.0380665	
-0.0200868	0.999104	0.0372615	-0.0142303	
-0.0158631	-0.0375827	0.999168	-0.00182211	
0	0	0	1	
50
0.999614	0.0202788	0.0190037	-0.0376486	
-0.0209611	0.999117	0.036418	-0.0140575	
-0.0182484	-0.0368024	0.999156	-0.00214928	
0	0	0	1	
51
0.999467	0.0213445	0.0246963	-0.0400904	
-0.0222663	0.999042	0.0376753	-0.0156189	
-0.0238685	-0.0382051	0.998985	-0.00288856	
0	0	0	1	
52
0.999567	0.0206691	0.0209608	-0.0397012	
-0.0214317	0.999091	0.0368378	-0.0161048	
-0.0201804	-0.037271	0.999101	-0.00390732	
0	0	0	1	
53
0.999632	0.0207327	0.0175154	-0.038377	
-0.0213059	0.999222	0.0331986	-0.0156892	
-0.0168135	-0.0335595	0.999295	-0.00444269	
0	0	0	1	
54
0.999609	0.0207735	0.0187073	-0.0389324	
-0.02135	0.999286	0.0311607	-0.0159391	
-0.0180466	-0.031548	0.999339	-0.00531715	
0	0	0	1	
55
0.999609	0.0211016	0.0183511	-0.0395178	
-0.0215925	0.999403	0.0269782	-0.0151604	
-0.0177708	-0.027364	0.999468	-0.00667083	
0	0	0	1	
56
0.999672	0.0193613	0.0167354	-0.0396472	
-0.019781	0.999484	0.0252897	-0.014692	
-0.0162371	-0.0256125	0.99954	-0.00709623	
0	0	0	1	
57
0.999703	0.0173569	0.0171295	-0.0397204	
-0.0177887	0.999519	0.0253843	-0.0148534	
-0.0166806	-0.0256815	0.999531	-0.00730044	
0	0	0	1	
58
0.999633	0.015326	0.0223589	-0.0417166	
-0.0159126	0.999527	0.0262959	-0.0157866	
-0.0219453	-0.026642	0.999404	-0.00799221	
0	0	0	1	
59
0.999407	0.0102258	0.0328701	-0.0469203	
-0.0109292	0.999713	0.0212925	-0.0131239	
-0.032643	-0.0216391	0.999233	-0.0084269	
0	0	0	1	
60
0.999121	0.00485098	0.0416429	-0.0515444	
-0.00567519	0.99979	0.0196967	-0.0119643	
-0.0415386	-0.0199158	0.998938	-0.00915903	
0	0	0	1	
61
0.998776	-0.00206434	0.0494139	-0.0553637	
0.00096355	0.999751	0.0222903	-0.0130311	
-0.0494476	-0.0222154	0.99853	-0.00961775	
0	0	0	1	
62
0.998013	-0.00878378	0.0623976	-0.0619425	
0.00768237	0.999811	0.0178695	-0.0111427	
-0.0625428	-0.0173546	0.997891	-0.0111143	
0	0	0	1	
63
0.997489	-0.0167631	0.068806	-0.0664228	
0.0155115	0.999705	0.018685	-0.0111417	
-0.069099	-0.0175708	0.997455	-0.011943	
0	0	0	1	
64
0.996656	-0.0239618	0.0781142	-0.071193	
0.0223745	0.999526	0.0211326	-0.0126533	
-0.0785836	-0.0193141	0.99672	-0.0133626	
0	0	0	1	
65
0.995853	-0.0305277	0.0857053	-0.0753345	
0.0292391	0.99944	0.0162507	-0.010524	
-0.0861534	-0.0136774	0.996188	-0.0147375	
0	0	0	1	
66
0.995125	-0.0415385	0.0894468	-0.0768814	
0.0406934	0.999108	0.0112522	-0.00702079	
-0.0898344	-0.00755748	0.995928	-0.0154068	
0	0	0	1	
67
0.994149	-0.0462256	0.0976276	-0.0803153	
0.0446604	0.998837	0.0181581	-0.00974692	
-0.0983535	-0.0136918	0.995057	-0.0162522	
0	0	0	1	
68
0.992879	-0.0528273	0.106775	-0.0845351	
0.0514307	0.998551	0.0157938	-0.0080021	
-0.107454	-0.0101899	0.994158	-0.0174724	
0	0	0	1	
69
0.991937	-0.0628763	0.11003	-0.0850901	
0.0614057	0.997973	0.0167066	-0.00699123	
-0.110858	-0.00981542	0.993788	-0.0174654	
0	0	0	1	
70
0.99008	-0.0696996	0.121995	-0.0890371	
0.0682788	0.997541	0.0157937	-0.00622147	
-0.122796	-0.00730735	0.992405	-0.0179834	
0	0	0	1	
71
0.98825	-0.0788033	0.130963	-0.0929956	
0.0772012	0.996866	0.0172734	-0.00643716	
-0.131913	-0.00695994	0.991237	-0.0191643	
0	0	0	1	
72
0.98712	-0.0885708	0.133223	-0.0935828	
0.0871108	0.996058	0.0167592	-0.00490893	
-0.134182	-0.00493822	0.990944	-0.0192673	
0	0	0	1	
73
0.984863	-0.0968495	0.143755	-0.0967707	
0.0948466	0.995276	0.0207373	-0.00624812	
-0.145084	-0.00678873	0.989396	-0.0195028	
0	0	0	1	
74
0.981972	-0.104794	0.157319	-0.102344	
0.102887	0.994487	0.0202386	-0.0060585	
-0.158573	-0.00368762	0.98734	-0.0201885	
0	0	0	1	
75
0.980302	-0.115664	0.160094	-0.103095	
0.113492	0.99328	0.0226798	-0.00674618	
-0.161642	-0.00406376	0.986841	-0.0215165	
0	0	0	1	
76
0.977757	-0.125574	0.167997	-0.105503	
0.123996	0.992083	0.019894	-0.0050576	
-0.169165	0.00137928	0.985587	-0.0216389	
0	0	0	1	
77
0.974535	-0.133439	0.180209	-0.110157	
0.130935	0.991056	0.0257784	-0.0076893	
-0.182037	-0.00152639	0.98329	-0.0223989	
0	0	0	1	
78
0.971677	-0.143411	0.18782	-0.112851	
0.141471	0.989657	0.0237662	-0.00651733	
-0.189286	0.00347799	0.981916	-0.0231302	
0	0	0	1	
79
0.967731	-0.1532	0.200067	-0.117587	
0.151162	0.988179	0.0255192	-0.00733194	
-0.201612	0.00554675	0.97945	-0.0235259	
0	0	0	1	
80
0.964205	-0.164564	0.207914	-0.120534	
0.162677	0.98633	0.0262628	-0.00700057	
-0.209394	0.00850016	0.977794	-0.0244434	
0	0	0	1	
81
0.960431	-0.174953	0.216713	-0.123513	
0.172981	0.984522	0.0281906	-0.00675251	
-0.21829	0.010412	0.975828	-0.0240487	
0	0	0	1	
82
0.956001	-0.184366	0.22819	-0.12682	
0.182605	0.982759	0.0289959	-0.00632877	
-0.229601	0.0139485	0.973185	-0.024757	
0	0	0	1	
83
0.950594	-0.192902	0.243227	-0.132514	
0.191001	0.981081	0.0316091	-0.00626799	
-0.244723	0.0164091	0.969454	-0.023931	
0	0	0	1	
84
0.946001	-0.202369	0.253237	-0.135677	
0.198377	0.979248	0.0414799	-0.00995599	
-0.256376	0.0109963	0.966515	-0.0240119	
0	0	0	1	
85
0.940115	-0.212264	0.266697	-0.140413	
0.208252	0.977104	0.0435812	-0.0113856	
-0.269842	0.014569	0.962794	-0.0240442	
0	0	0	1	
86
0.933235	-0.219983	0.284042	-0.148456	
0.216256	0.975307	0.0448285	-0.0127354	
-0.286889	0.0195902	0.957763	-0.0232211	
0	0	0	1	
87
0.928545	-0.230481	0.291002	-0.152119	
0.228458	0.972673	0.0414025	-0.0117806	
-0.292592	0.0280378	0.955826	-0.024878	
0	0	0	1	
88
0.923648	-0.239103	0.299508	-0.15614	
0.237023	0.970515	0.0438296	-0.0136632	
-0.301156	0.0305071	0.953087	-0.0260596	
0	0	0	1	
89
0.917994	-0.246563	0.310636	-0.161301	
0.244155	0.968583	0.0472732	-0.0159921	
-0.312532	0.0324466	0.949353	-0.0256995	
0	0	0	1	
90
0.911962	-0.253076	0.322921	-0.167489	
0.253111	0.966497	0.0426406	-0.0140161	
-0.322894	0.0428484	0.945465	-0.0256801	
0	0	0	1	
91
0.907371	-0.262301	0.328444	-0.170108	
0.261572	0.964026	0.0472588	-0.0158868	
-0.329024	0.0430305	0.94334	-0.0261195	
0	0	0	1	
92
0.901229	-0.268021	0.340516	-0.17532	
0.26655	0.962414	0.0520527	-0.0183098	
-0.341669	0.0438532	0.938797	-0.0245001	
0	0	0	1	
93
0.893861	-0.274892	0.354186	-0.181749	
0.273496	0.960294	0.0550855	-0.0202523	
-0.355265	0.0476295	0.933551	-0.0233648	
0	0	0	1	
94
0.889526	-0.286614	0.355803	-0.18307	
0.287069	0.956455	0.0527789	-0.0186515	
-0.355437	0.0551916	0.933069	-0.0242273	
0	0	0	1	
95
0.885712	-0.291453	0.361344	-0.185495	
0.291058	0.955014	0.0568668	-0.020362	
-0.361662	0.0548044	0.930697	-0.0225227	
0	0	0	1	
96
0.881572	-0.296318	0.36746	-0.187989	
0.296045	0.953377	0.0585585	-0.0212357	
-0.36768	0.0571612	0.928194	-0.0224466	
0	0	0	1	
97
0.875481	-0.301994	0.37727	-0.192692	
0.302733	0.951251	0.0589382	-0.0211888	
-0.376678	0.0626128	0.924226	-0.0201951	
0	0	0	1	
98
0.869466	-0.307426	0.386675	-0.197089	
0.306264	0.949632	0.06635	-0.0252222	
-0.387597	0.0607354	0.919826	-0.0181181	
0	0	0	1	
99
0.863486	-0.314419	0.394375	-0.200249	
0.313004	0.947181	0.0698264	-0.0275469	
-0.395499	0.0631466	0.916293	-0.0163117	
0	0	0	1	
100
0.855327	-0.31999	0.407457	-0.206633	
0.318506	0.94506	0.0735858	-0.0304671	
-0.408618	0.0668377	0.910255	-0.0135539	
0	0	0	1	
101
0.848756	-0.325792	0.416501	-0.212201	
0.32449	0.942813	0.0762265	-0.0329067	
-0.417516	0.0704527	0.905934	-0.0124656	
0	0	0	1	
102
0.843808	-0.333182	0.420687	-0.215444	
0.332351	0.939941	0.0778046	-0.0342119	
-0.421344	0.0741637	0.903863	-0.0117715	
0	0	0	1	
103
0.838596	-0.340246	0.425428	-0.217454	
0.338776	0.937301	0.0818409	-0.0367128	
-0.4266	0.0754932	0.901284	-0.0105199	
0	0	0	1	
104
0.831153	-0.347087	0.434414	-0.221906	
0.347164	0.934196	0.0821816	-0.0374698	
-0.434352	0.0825073	0.896956	-0.00899109	
0	0	0	1	
105
0.825008	-0.353169	0.441173	-0.226035	
0.353521	0.931587	0.084662	-0.038424	
-0.440892	0.086117	0.89342	-0.00703016	
0	0	0	1	
106
0.81857	-0.361443	0.446432	-0.227837	
0.360359	0.928375	0.0908873	-0.0411752	
-0.447307	0.0864783	0.89019	-0.00483903	
0	0	0	1	
107
0.807919	-0.367978	0.460282	-0.233121	
0.369271	0.924836	0.0912006	-0.0413621	
-0.459246	0.0962862	0.883076	-0.00111723	
0	0	0	1	
108
0.79776	-0.375739	0.471593	-0.237596	
0.375652	0.921487	0.0987268	-0.0443997	
-0.471662	0.0983944	0.876272	0.00196669	
0	0	0	1	
109
0.790501	-0.383357	0.477646	-0.239249	
0.379165	0.91878	0.109896	-0.049859	
-0.480981	0.0942334	0.871652	0.00485823	
0	0	0	1	
110
0.781885	-0.388941	0.487217	-0.242944	
0.385655	0.915798	0.112177	-0.0514741	
-0.489823	0.100188	0.866046	0.00713849	
0	0	0	1	
111
0.774493	-0.39376	0.49509	-0.246568	
0.391295	0.913159	0.114141	-0.0521811	
-0.49704	0.105325	0.861312	0.00907144	
0	0	0	1	
112
0.77152	-0.39708	0.497076	-0.247305	
0.394459	0.911569	0.115943	-0.0529666	
-0.499158	0.106624	0.859926	0.00949496	
0	0	0	1	
113
0.7712	-0.400785	0.494594	-0.246377	
0.399771	0.909538	0.11368	-0.0518719	
-0.495413	0.110055	0.861658	0.00763488	
0	0	0	1	
114
0.771561	-0.401266	0.493639	-0.245978	
0.399023	0.909609	0.115721	-0.052118	
-0.495453	0.107688	0.861933	0.00693575	
0	0	0	1	
115
0.769814	-0.401139	0.496461	-0.247524	
0.396969	0.909989	0.119728	-0.0524394	
-0.499802	0.104912	0.859762	0.00757197	
0	0	0	1	
116
0.769273	-0.402294	0.496366	-0.247756	
0.396687	0.909738	0.122535	-0.0522396	
-0.500858	0.102639	0.859422	0.00745144	
0	0	0	1	
117
0.769127	-0.403559	0.495564	-0.247438	
0.396665	0.90942	0.124947	-0.0521791	
-0.501099	0.100473	0.859537	0.0074777	
0	0	0	1	
118
0.767335	-0.403005	0.498783	-0.249586	
0.395995	0.909604	0.125735	-0.0507286	
-0.504367	0.101035	0.857558	0.00831831	
0	0	0	1	
119
0.768569	-0.403611	0.496387	-0.248794	
0.393836	0.90993	0.130076	-0.0508093	
-0.504178	0.0955225	0.858301	0.00793236	
0	0	0	1	
120
0.767521	-0.403096	0.498422	-0.250142	
0.392594	0.910248	0.131601	-0.0501857	
-0.506736	0.0946711	0.856887	0.00865501	
0	0	0	1	
121
0.76734	-0.403944	0.498014	-0.250035	
0.393524	0.90984	0.131639	-0.0489079	
-0.506288	0.0949681	0.857119	0.00862777	
0	0	0	1	
122
0.76767	-0.403134	0.498162	-0.250571	
0.390062	0.910705	0.135894	-0.0496142	
-0.508463	0.0899924	0.856369	0.00900537	
0	0	0	1	
123
0.767918	-0.404699	0.496509	-0.250557	
0.390824	0.910153	0.137394	-0.0495589	
-0.507502	0.0885403	0.857089	0.00907356	
0	0	0	1	
124
0.767287	-0.406098	0.496342	-0.251391	
0.39435	0.909109	0.134198	-0.0478611	
-0.505727	0.092764	0.857692	0.00829351	
0	0	0	1	
125
0.766641	-0.408634	0.495257	-0.253159	
0.394971	0.908269	0.138006	-0.0483199	
-0.50622	0.0898111	0.857715	0.00953105	
0	0	0	1	
126
0.768791	-0.416124	0.485594	-0.250989	
0.399757	0.905401	0.142978	-0.0494735	
-0.499154	0.0841996	0.862413	0.00915498	
0	0	0	1	
127
0.768297	-0.419463	0.483498	-0.251091	
0.402423	0.903937	0.144753	-0.0497984	
-0.49777	0.0833574	0.863294	0.0100993	
0	0	0	1	
128
0.768792	-0.424418	0.478359	-0.248841	
0.407454	0.901622	0.145115	-0.0496099	
-0.492889	0.0833458	0.866091	0.0100185	
0	0	0	1	
129
0.766851	-0.427043	0.479138	-0.249024	
0.410609	0.900186	0.145139	-0.049171	
-0.493294	0.0854381	0.865656	0.0111668	
0	0	0	1	
130
0.766482	-0.428841	0.478123	-0.247748	
0.409712	0.899763	0.15021	-0.0506584	
-0.494613	0.0807594	0.865353	0.0113879	
0	0	0	1	
131
0.765715	-0.427839	0.480243	-0.248157	
0.40778	0.900352	0.151928	-0.0504644	
-0.497389	0.0794999	0.863877	0.013428	
0	0	0	1	
132
0.764383	-0.428169	0.482068	-0.247775	
0.405817	0.900486	0.156327	-0.0519239	
-0.50103	0.0761374	0.862074	0.0151868	
0	0	0	1	
133
0.76209	-0.430681	0.483459	-0.247184	
0.408397	0.89916	0.157233	-0.0531431	
-0.502424	0.0776171	0.86113	0.0150467	
0	0	0	1	
134
0.75979	-0.429548	0.488065	-0.24962	
0.408643	0.899369	0.155388	-0.0532537	
-0.505697	0.0813818	0.858864	0.0159671	
0	0	0	1	
135
0.760589	-0.430263	0.486187	-0.249326	
0.40879	0.899158	0.156221	-0.0552001	
-0.504376	0.0799284	0.859777	0.0152728	
0	0	0	1	
136
0.760177	-0.428936	0.488001	-0.250859	
0.410177	0.899329	0.151532	-0.0547538	
-0.503871	0.084976	0.859589	0.0145803	
0	0	0	1	
137
0.761745	-0.427354	0.486942	-0.251976	
0.408886	0.900118	0.15033	-0.0558606	
-0.50255	0.0845904	0.8604	0.0133156	
0	0	0	1	
138
0.764299	-0.431782	0.478969	-0.249426	
0.41547	0.897758	0.14634	-0.0548569	
-0.493185	0.0871493	0.865548	0.00975165	
0	0	0	1	
139
0.765637	-0.428193	0.480052	-0.250744	
0.412388	0.899463	0.144577	-0.0549579	
-0.493696	0.0872741	0.865244	0.0106288	
0	0	0	1	
140
0.764395	-0.428845	0.481449	-0.251427	
0.415209	0.89869	0.141271	-0.0540426	
-0.493257	0.0919149	0.865014	0.0104106	
0	0	0	1	
141
0.763703	-0.430352	0.481202	-0.251866	
0.417925	0.897698	0.139558	-0.0534558	
-0.492034	0.0945258	0.865429	0.00942087	
0	0	0	1	
142
0.760845	-0.433003	0.483346	-0.253335	
0.42134	0.896105	0.13953	-0.052986	
-0.493545	0.097492	0.864239	0.00963339	
0	0	0	1	
143
0.758559	-0.434036	0.486005	-0.254446	
0.421702	0.895603	0.141642	-0.0536565	
-0.496745	0.0975055	0.862402	0.0107885	
0	0	0	1	
144
0.753989	-0.434623	0.492548	-0.257386	
0.422267	0.895058	0.143394	-0.0541393	
-0.503182	0.0998694	0.858391	0.0120958	
0	0	0	1	
145
0.751702	-0.440409	0.490902	-0.256082	
0.42862	0.891955	0.143879	-0.0536414	
-0.501228	0.102256	0.859252	0.0101246	
0	0	0	1	
146
0.745771	-0.44167	0.498752	-0.259628	
0.429903	0.890964	0.14617	-0.0540413	
-0.508929	0.105405	0.854331	0.0117462	
0	0	0	1	
147
0.741509	-0.444927	0.5022	-0.260702	
0.432695	0.889163	0.148876	-0.0547462	
-0.512777	0.106906	0.85184	0.0117236	
0	0	0	1	
148
0.73808	-0.448988	0.503635	-0.260882	
0.436073	0.88703	0.151716	-0.0557275	
-0.514858	0.107643	0.850491	0.0108834	
0	0	0	1	
149
0.731641	-0.450507	0.51161	-0.26426	
0.440366	0.88524	0.149758	-0.0546874	
-0.520365	0.115726	0.846066	0.0114551	
0	0	0	1	
150
0.725272	-0.456067	0.515735	-0.265608	
0.446059	0.881901	0.152582	-0.055509	
-0.524415	0.119385	0.843052	0.0123321	
0	0	0	1	
151
0.720476	-0.460754	0.518286	-0.265915	
0.450339	0.879198	0.155582	-0.0564754	
-0.527361	0.121311	0.840936	0.0123614	
0	0	0	1	
152
0.715421	-0.465374	0.521153	-0.266329	
0.454837	0.876407	0.158221	-0.057571	
-0.530374	0.123845	0.838669	0.0121106	
0	0	0	1	
153
0.707609	-0.467496	0.529846	-0.269299	
0.455831	0.874968	0.163244	-0.0594955	
-0.539914	0.126007	0.832235	0.014155	
0	0	0	1	
154
0.699913	-0.472876	0.535266	-0.270447	
0.464437	0.870682	0.161899	-0.0578627	
-0.542605	0.135282	0.829023	0.0135853	
0	0	0	1	
155
0.691801	-0.474502	0.544298	-0.274153	
0.462822	0.869965	0.170164	-0.0608072	
-0.554263	0.134194	0.821453	0.0160946	
0	0	0	1	
156
0.686622	-0.479288	0.546656	-0.27489	
0.469462	0.866434	0.169995	-0.0599345	
-0.555118	0.139912	0.81992	0.0158402	
0	0	0	1	
157
0.681553	-0.484437	0.548458	-0.274711	
0.475039	0.863002	0.171946	-0.0602424	
-0.556618	0.143349	0.818308	0.0145996	
0	0	0	1	
158
0.672954	-0.487491	0.556315	-0.277249	
0.480298	0.859961	0.172573	-0.0598492	
-0.562536	0.151063	0.812855	0.0161728	
0	0	0	1	
159
0.665087	-0.490094	0.563442	-0.279448	
0.481389	0.858193	0.178242	-0.0624464	
-0.570898	0.152688	0.806699	0.016874	
0	0	0	1	
160
0.656607	-0.494216	0.569753	-0.281653	
0.486239	0.854843	0.181148	-0.0630339	
-0.576576	0.158093	0.801603	0.0182528	
0	0	0	1	
161
0.649441	-0.498604	0.574125	-0.281976	
0.491767	0.851275	0.183019	-0.0639781	
-0.579993	0.163476	0.79805	0.0177186	
0	0	0	1	
162
0.641661	-0.502098	0.5798	-0.284661	
0.496459	0.848112	0.185024	-0.0641065	
-0.584636	0.169124	0.793472	0.0177241	
0	0	0	1	
163
0.633939	-0.507521	0.583562	-0.285657	
0.497014	0.845462	0.195376	-0.0692798	
-0.592536	0.166182	0.788216	0.0184452	
0	0	0	1	
164
0.623774	-0.513054	0.589645	-0.286769	
0.505247	0.840274	0.196636	-0.0710239	
-0.596348	0.17526	0.78336	0.0189241	
0	0	0	1	
165
0.614697	-0.516677	0.595981	-0.288531	
0.512783	0.835896	0.195782	-0.0713807	
-0.599334	0.185262	0.778766	0.0196337	
0	0	0	1	
166
0.605217	-0.520686	0.602162	-0.290643	
0.514359	0.833102	0.20341	-0.0755776	
-0.607575	0.186621	0.772026	0.0214202	
0	0	0	1	
167
0.594313	-0.52624	0.608163	-0.292813	
0.52127	0.827909	0.206986	-0.0779288	
-0.612429	0.194003	0.766351	0.0234999	
0	0	0	1	
168
0.585157	-0.53288	0.611252	-0.292874	
0.529452	0.821999	0.209757	-0.0802937	
-0.614224	0.200888	0.763133	0.0244314	
0	0	0	1	
169
0.570797	-0.536684	0.621419	-0.297261	
0.536158	0.816814	0.212955	-0.0818967	
-0.621873	0.211624	0.753982	0.0278634	
0	0	0	1	
170
0.557962	-0.543832	0.626837	-0.299552	
0.539516	0.81165	0.223936	-0.0875078	
-0.630556	0.213241	0.746276	0.0314797	
0	0	0	1	
171
0.544043	-0.550736	0.633014	-0.301856	
0.548549	0.804335	0.22834	-0.0903514	
-0.634911	0.223012	0.739699	0.034888	
0	0	0	1	
172
0.530278	-0.558525	0.637852	-0.303034	
0.555128	0.797374	0.236703	-0.0949579	
-0.640811	0.228571	0.732883	0.0377802	
0	0	0	1	
173
0.512092	-0.56421	0.647634	-0.306841	
0.562178	0.790228	0.243915	-0.09842	
-0.649398	0.239179	0.721856	0.0436236	
0	0	0	1	
174
0.49071	-0.570754	0.658364	-0.31124	
0.568083	0.782487	0.254941	-0.103772	
-0.66067	0.248904	0.70821	0.0504805	
0	0	0	1	
175
0.471449	-0.577489	0.666515	-0.314927	
0.573636	0.774853	0.265603	-0.108677	
-0.669834	0.257119	0.696572	0.0555016	
0	0	0	1	
176
0.455242	-0.585129	0.671103	-0.317034	
0.581404	0.766211	0.273659	-0.112159	
-0.674333	0.265601	0.689008	0.0591266	
0	0	0	1	
177
0.434783	-0.589501	0.680773	-0.322154	
0.585855	0.759279	0.283319	-0.116093	
-0.683914	0.275652	0.675484	0.0654312	
0	0	0	1	
178
0.417882	-0.594225	0.68722	-0.326187	
0.591433	0.752126	0.290712	-0.118553	
-0.689625	0.284962	0.665744	0.069081	
0	0	0	1	
179
0.404485	-0.598375	0.691621	-0.32938	
0.596053	0.746048	0.296871	-0.120285	
-0.693623	0.292163	0.658429	0.0720857	
0	0	0	1	
180
0.389058	-0.601228	0.697968	-0.333759	
0.601062	0.739841	0.302256	-0.121795	
-0.69811	0.301927	0.649217	0.0758736	
0	0	0	1	
181
0.376171	-0.605065	0.701706	-0.336935	
0.60489	0.734046	0.308681	-0.123906	
-0.701857	0.308338	0.642125	0.0786555	
0	0	0	1	
182
0.362377	-0.60871	0.705801	-0.339664	
0.606901	0.728833	0.316975	-0.127459	
-0.707357	0.313487	0.633539	0.0817686	
0	0	0	1	
183
0.349582	-0.611713	0.709648	-0.343395	
0.610511	0.723278	0.322716	-0.12897	
-0.710682	0.320432	0.626302	0.084957	
0	0	0	1	
184
0.339201	-0.61604	0.710941	-0.345585	
0.611112	0.718861	0.331332	-0.131801	
-0.715182	0.322077	0.620308	0.0872866	
0	0	0	1	
185
0.327168	-0.617879	0.714972	-0.348316	
0.615235	0.713563	0.335133	-0.132973	
-0.71725	0.330231	0.613596	0.0899274	
0	0	0	1	
186
0.318206	-0.620281	0.716936	-0.350205	
0.617642	0.709362	0.339593	-0.133776	
-0.71921	0.334749	0.608835	0.0917878	
0	0	0	1	
187
0.309255	-0.623354	0.718186	-0.35075	
0.6157	0.7068	0.348348	-0.137178	
-0.724758	0.334459	0.602381	0.0949143	
0	0	0	1	
188
0.292145	-0.621773	0.726671	-0.355708	
0.622511	0.700451	0.349068	-0.137533	
-0.726038	0.350382	0.591693	0.0987598	
0	0	0	1	
189
0.278642	-0.62489	0.729295	-0.357836	
0.620905	0.69654	0.359595	-0.14205	
-0.732691	0.352624	0.582083	0.10215	
0	0	0	1	
190
0.267825	-0.631065	0.728029	-0.357594	
0.625162	0.68879	0.36707	-0.144714	
-0.733104	0.356826	0.578993	0.103191	
0	0	0	1	
191
0.256124	-0.632804	0.730726	-0.359064	
0.626775	0.684212	0.372835	-0.147103	
-0.735903	0.362509	0.571869	0.106377	
0	0	0	1	
192
0.242556	-0.634728	0.733681	-0.360882	
0.627399	0.67946	0.380401	-0.149942	
-0.739957	0.368042	0.563034	0.110252	
0	0	0	1	
193
0.229046	-0.635795	0.73709	-0.362329	
0.627772	0.675189	0.387325	-0.152445	
-0.743935	0.374009	0.553785	0.113591	
0	0	0	1	
194
0.218623	-0.637182	0.739055	-0.363504	
0.628651	0.671231	0.392743	-0.154005	
-0.746326	0.378745	0.547311	0.116702	
0	0	0	1	
195
0.207978	-0.639229	0.740358	-0.364398	
0.629146	0.666981	0.399139	-0.156621	
-0.748946	0.382781	0.540886	0.11941	
0	0	0	1	
196
0.196836	-0.640426	0.742368	-0.366122	
0.631082	0.66223	0.403964	-0.15834	
-0.750327	0.388981	0.534512	0.121928	
0	0	0	1	
197
0.184552	-0.639937	0.745937	-0.368709	
0.6313	0.658883	0.409064	-0.160716	
-0.75326	0.395416	0.52559	0.125496	
0	0	0	1	
198
0.171733	-0.640567	0.748453	-0.371124	
0.635667	0.65247	0.412566	-0.162143	
-0.752619	0.404915	0.519238	0.128153	
0	0	0	1	
199
0.161412	-0.644227	0.747608	-0.371835	
0.636513	0.646878	0.42	-0.16575	
-0.754187	0.408069	0.514472	0.130044	
0	0	0	1	
200
0.146781	-0.646961	0.748262	-0.373647	
0.635922	0.641134	0.429592	-0.170237	
-0.757666	0.412781	0.505523	0.13388	
0	0	0	1	
201
0.125386	-0.647332	0.751824	-0.376747	
0.641674	0.630875	0.436177	-0.172896	
-0.756659	0.427736	0.49448	0.139193	
0	0	0	1	
202
0.105306	-0.649819	0.752759	-0.378733	
0.641254	0.622937	0.448043	-0.17857	
-0.760068	0.435528	0.482298	0.144073	
0	0	0	1	
203
0.0839017	-0.653146	0.75257	-0.380754	
0.644768	0.611409	0.458751	-0.18308	
-0.759759	0.446743	0.472426	0.14848	
0	0	0	1	
204
0.0637179	-0.655118	0.752835	-0.382559	
0.645653	0.60228	0.469458	-0.187287	
-0.760968	0.456157	0.461355	0.153174	
0	0	0	1	
205
0.0441371	-0.653812	0.755369	-0.385406	
0.642738	0.597427	0.47955	-0.191331	
-0.764813	0.464338	0.446599	0.159088	
0	0	0	1	
206
0.0245601	-0.65262	0.757287	-0.388615	
0.6431	0.590283	0.487841	-0.194342	
-0.765388	0.47503	0.434197	0.164159	
0	0	0	1	
207
0.00827774	-0.655301	0.755322	-0.388852	
0.643607	0.581588	0.497519	-0.197915	
-0.765311	0.482013	0.426571	0.167304	
0	0	0	1	
208
-0.00966897	-0.652574	0.757664	-0.39149	
0.643789	0.575712	0.504075	-0.200148	
-0.765142	0.492649	0.414553	0.172305	
0	0	0	1	
209
-0.0272734	-0.6558	0.754442	-0.391293	
0.640947	0.567691	0.516637	-0.205656	
-0.767101	0.497648	0.40485	0.177058	
0	0	0	1	
210
-0.047106	-0.65285	0.756021	-0.394143	
0.644633	0.558288	0.522267	-0.207919	
-0.76304	0.511957	0.39455	0.181687	
0	0	0	1	
211
-0.0691755	-0.650005	0.756774	-0.39642	
0.643865	0.550349	0.531558	-0.212702	
-0.762006	0.524031	0.380445	0.187078	
0	0	0	1	
212
-0.0837321	-0.654321	0.751567	-0.395156	
0.640474	0.54246	0.543627	-0.218244	
-0.763402	0.526878	0.373654	0.191203	
0	0	0	1	
213
-0.103788	-0.651776	0.751276	-0.396418	
0.635247	0.537775	0.55431	-0.223692	
-0.765304	0.534776	0.358224	0.197304	
0	0	0	1	
214
-0.117481	-0.651927	0.749126	-0.396366	
0.636044	0.529926	0.560916	-0.226644	
-0.762657	0.542374	0.352398	0.19939	
0	0	0	1	
215
-0.128544	-0.654494	0.74506	-0.394047	
0.629462	0.526703	0.57128	-0.231761	
-0.766325	0.542421	0.344275	0.203613	
0	0	0	1	
216
-0.138665	-0.654632	0.743121	-0.39147	
0.629547	0.520978	0.576413	-0.234091	
-0.764489	0.547758	0.33988	0.205591	
0	0	0	1	
217
-0.153086	-0.650961	0.743515	-0.391082	
0.631578	0.51422	0.580248	-0.235215	
-0.760049	0.558415	0.332413	0.209775	
0	0	0	1	
218
-0.159813	-0.654169	0.739272	-0.387052	
0.625414	0.512322	0.588544	-0.239191	
-0.763752	0.556408	0.327251	0.212264	
0	0	0	1	
219
-0.169566	-0.65292	0.738203	-0.385182	
0.624447	0.508316	0.593027	-0.240751	
-0.762439	0.561525	0.321521	0.215335	
0	0	0	1	
220
-0.17888	-0.650974	0.737723	-0.383493	
0.621186	0.506743	0.597778	-0.242467	
-0.762974	0.565194	0.31373	0.219265	
0	0	0	1	
221
-0.190876	-0.649441	0.736066	-0.381821	
0.619285	0.502122	0.603622	-0.245458	
-0.761612	0.571051	0.306346	0.22255	
0	0	0	1	
222
-0.201605	-0.651035	0.731785	-0.378638	
0.614992	0.497354	0.611902	-0.249122	
-0.762325	0.573404	0.300112	0.22682	
0	0	0	1	
223
-0.216795	-0.645339	0.732487	-0.3783	
0.61428	0.492983	0.616139	-0.251687	
-0.758723	0.583528	0.289543	0.232169	
0	0	0	1	
224
-0.227667	-0.645095	0.729397	-0.376381	
0.610778	0.488781	0.622932	-0.255367	
-0.758365	0.58732	0.282731	0.235223	
0	0	0	1	
225
-0.236472	-0.646139	0.725662	-0.373907	
0.609063	0.483328	0.628837	-0.259024	
-0.757049	0.590677	0.279246	0.237068	
0	0	0	1	
226
-0.25002	-0.641223	0.725482	-0.373772	
0.610351	0.477285	0.632195	-0.261506	
-0.75164	0.600859	0.27204	0.240368	
0	0	0	1	
227
-0.257464	-0.643965	0.720431	-0.370775	
0.605562	0.473468	0.639627	-0.265604	
-0.752999	0.600946	0.26806	0.24183	
0	0	0	1	
228
-0.271371	-0.640878	0.718076	-0.369315	
0.60664	0.465328	0.64456	-0.268055	
-0.747226	0.610528	0.262505	0.244895	
0	0	0	1	
229
-0.282656	-0.641573	0.713085	-0.365248	
0.605533	0.457204	0.651378	-0.271349	
-0.743932	0.615913	0.259262	0.247167	
0	0	0	1	
230
-0.300157	-0.631122	0.715256	-0.366116	
0.602669	0.455745	0.655047	-0.272834	
-0.739389	0.627679	0.243563	0.254337	
0	0	0	1	
231
-0.311143	-0.630962	0.710687	-0.362848	
0.596944	0.452126	0.662752	-0.276492	
-0.739492	0.630451	0.235973	0.258912	
0	0	0	1	
232
-0.323641	-0.627885	0.707825	-0.361027	
0.592101	0.44911	0.669116	-0.280363	
-0.73802	0.635658	0.226421	0.263428	
0	0	0	1	
233
-0.3356	-0.62627	0.703675	-0.359035	
0.589357	0.44315	0.675482	-0.284045	
-0.734868	0.641407	0.220376	0.266588	
0	0	0	1	
234
-0.349188	-0.622422	0.70047	-0.357557	
0.586886	0.437483	0.681303	-0.287405	
-0.730501	0.648999	0.212527	0.27079	
0	0	0	1	
235
-0.364321	-0.619106	0.695685	-0.354173	
0.584206	0.42982	0.688447	-0.291775	
-0.72524	0.657239	0.205093	0.275232	
0	0	0	1	
236
-0.378416	-0.615356	0.691475	-0.352224	
0.581414	0.423256	0.694847	-0.295287	
-0.720249	0.664975	0.19761	0.279862	
0	0	0	1	
237
-0.390983	-0.613739	0.685898	-0.349483	
0.579651	0.41467	0.701465	-0.298919	
-0.714938	0.671842	0.193626	0.282735	
0	0	0	1	
238
-0.402065	-0.612819	0.680292	-0.346333	
0.573868	0.410287	0.70876	-0.303143	
-0.713456	0.675365	0.186715	0.286637	
0	0	0	1	
239
-0.415621	-0.608486	0.676021	-0.344298	
0.570075	0.40487	0.714909	-0.306824	
-0.708713	0.682513	0.17861	0.291788	
0	0	0	1	
240
-0.429756	-0.602828	0.672241	-0.343343	
0.56671	0.399529	0.720567	-0.309915	
-0.702958	0.690633	0.169929	0.297015	
0	0	0	1	
241
-0.437994	-0.60576	0.664241	-0.339295	
0.559643	0.394516	0.728805	-0.314163	
-0.703535	0.69095	0.166214	0.300458	
0	0	0	1	
242
-0.449951	-0.600377	0.661129	-0.338255	
0.556973	0.390028	0.733252	-0.316832	
-0.698087	0.698158	0.1589	0.30462	
0	0	0	1	
243
-0.458468	-0.601082	0.654605	-0.335496	
0.55056	0.38611	0.740137	-0.320285	
-0.697633	0.699728	0.153912	0.308778	
0	0	0	1	
244
-0.465881	-0.599638	0.650683	-0.334265	
0.547597	0.382244	0.74433	-0.322538	
-0.695048	0.703082	0.15028	0.311437	
0	0	0	1	
245
-0.472504	-0.599266	0.646235	-0.331871	
0.541696	0.380925	0.749307	-0.325188	
-0.695202	0.704114	0.144632	0.315409	
0	0	0	1	
246
-0.478905	-0.597078	0.643543	-0.330281	
0.54156	0.376017	0.75188	-0.326352	
-0.690914	0.708597	0.143277	0.318459	
0	0	0	1	
247
-0.483371	-0.597597	0.63971	-0.328828	
0.538392	0.373273	0.755514	-0.327878	
-0.69028	0.709609	0.141312	0.319495	
0	0	0	1	
248
-0.489176	-0.596859	0.635976	-0.327063	
0.531897	0.373738	0.759872	-0.329158	
-0.691225	0.709985	0.134644	0.324896	
0	0	0	1	
249
-0.494451	-0.595301	0.633353	-0.326136	
0.527497	0.373626	0.762988	-0.329822	
-0.690844	0.711351	0.12928	0.328809	
0	0	0	1	
250
-0.496868	-0.596789	0.630051	-0.324376	
0.522803	0.37364	0.766205	-0.330632	
-0.692675	0.710095	0.126353	0.331447	
0	0	0	1	
251
-0.503745	-0.589942	0.631039	-0.325459	
0.525451	0.370565	0.765887	-0.330423	
-0.68567	0.717391	0.123315	0.334281	
0	0	0	1	
252
-0.506984	-0.594144	0.624468	-0.322655	
0.516504	0.370597	0.771933	-0.33295	
-0.690065	0.713898	0.118991	0.338042	
0	0	0	1	
253
-0.510198	-0.594557	0.621451	-0.321344	
0.513955	0.368595	0.774589	-0.334356	
-0.689601	0.714591	0.117519	0.339663	
0	0	0	1	
254
-0.515974	-0.593276	0.617895	-0.319924	
0.510713	0.366047	0.777934	-0.335818	
-0.687709	0.71696	0.114123	0.342902	
0	0	0	1	
255
-0.522199	-0.592377	0.613513	-0.318501	
0.505848	0.364031	0.782048	-0.337878	
-0.686605	0.718729	0.109556	0.346225	
0	0	0	1	
256
-0.529142	-0.589168	0.610647	-0.317626	
0.50032	0.364612	0.785327	-0.339675	
-0.685339	0.721068	0.101841	0.350454	
0	0	0	1	
257
-0.536158	-0.588021	0.605613	-0.314969	
0.496739	0.360282	0.789587	-0.341887	
-0.682484	0.724174	0.0989253	0.353196	
0	0	0	1	
258
-0.542502	-0.586901	0.601032	-0.31296	
0.491455	0.358519	0.793685	-0.344294	
-0.681296	0.725955	0.0939383	0.356768	
0	0	0	1	
259
-0.546349	-0.586805	0.597631	-0.31199	
0.493902	0.350552	0.795722	-0.345286	
-0.676434	0.729913	0.0983007	0.356547	
0	0	0	1	
260
-0.551476	-0.586158	0.593542	-0.310226	
0.485639	0.35292	0.799751	-0.347554	
-0.678254	0.729291	0.0900342	0.360992	
0	0	0	1	
261
-0.558163	-0.582541	0.590847	-0.30985	
0.484375	0.349393	0.802063	-0.349259	
-0.673673	0.733873	0.0871497	0.363724	
0	0	0	1	
262
-0.561576	-0.583452	0.586699	-0.308979	
0.48396	0.343514	0.804848	-0.350862	
-0.67113	0.735922	0.089458	0.363724	
0	0	0	1	
263
-0.56513	-0.581745	0.58498	-0.308541	
0.481603	0.343081	0.806445	-0.351715	
-0.669841	0.737474	0.086285	0.366813	
0	0	0	1	
264
-0.570366	-0.57854	0.583073	-0.30849	
0.481308	0.339822	0.808	-0.35298	
-0.665601	0.741493	0.0846332	0.368567	
0	0	0	1	
265
-0.576349	-0.579578	0.576117	-0.305081	
0.471361	0.340123	0.813717	-0.355822	
-0.667563	0.740544	0.0771606	0.374314	
0	0	0	1	
266
-0.58388	-0.57413	0.573985	-0.304145	
0.472778	0.334296	0.815308	-0.356713	
-0.659973	0.74741	0.0762478	0.375989	
0	0	0	1	
267
-0.588946	-0.57229	0.570637	-0.302639	
0.467743	0.334432	0.818151	-0.358262	
-0.659059	0.748758	0.0707226	0.379748	
0	0	0	1	
268
-0.597707	-0.565151	0.56864	-0.301237	
0.465255	0.333112	0.820106	-0.359873	
-0.652904	0.754746	0.0638362	0.383047	
0	0	0	1	
269
-0.6017	-0.564003	0.56556	-0.299045	
0.461402	0.332541	0.822511	-0.360944	
-0.651971	0.755855	0.0601418	0.386722	
0	0	0	1	
270
-0.604574	-0.563702	0.562788	-0.297408	
0.460371	0.329302	0.82439	-0.362052	
-0.650037	0.757496	0.0604247	0.387072	
0	0	0	1	
271
-0.603666	-0.567894	0.55954	-0.295619	
0.457663	0.327832	0.826481	-0.362982	
-0.652788	0.754999	0.0620026	0.387475	
0	0	0	1	
272
-0.607405	-0.565073	0.558347	-0.295274	
0.454264	0.329532	0.827679	-0.363935	
-0.651692	0.756374	0.0565329	0.389059	
0	0	0	1	
273
-0.609673	-0.564518	0.556433	-0.294254	
0.450157	0.331211	0.829251	-0.365009	
-0.652424	0.756054	0.0521917	0.390857	
0	0	0	1	
274
-0.609669	-0.563094	0.557878	-0.295361	
0.457924	0.324272	0.82774	-0.364482	
-0.647	0.760113	0.0601558	0.386907	
0	0	0	1	
275
-0.609473	-0.563941	0.557236	-0.294868	
0.456449	0.325085	0.828235	-0.364835	
-0.648226	0.759137	0.0592797	0.387978	
0	0	0	1	
276
-0.61058	-0.55924	0.560752	-0.29729	
0.459875	0.326085	0.825944	-0.364486	
-0.644754	0.762181	0.058079	0.387603	
0	0	0	1	
277
-0.609959	-0.560333	0.560336	-0.298169	
0.457904	0.327877	0.82633	-0.365269	
-0.646742	0.760607	0.0565876	0.388415	
0	0	0	1	
278
-0.609603	-0.557937	0.563107	-0.301223	
0.460753	0.328655	0.824435	-0.365606	
-0.645051	0.762031	0.0567215	0.387698	
0	0	0	1	
279
-0.607205	-0.558794	0.564847	-0.304076	
0.46184	0.330253	0.823187	-0.365538	
-0.646534	0.760712	0.0575423	0.386951	
0	0	0	1	
280
-0.60377	-0.559131	0.568185	-0.307519	
0.467032	0.329517	0.820548	-0.364685	
-0.646021	0.760783	0.0621795	0.384308	
0	0	0	1	
281
-0.602409	-0.556991	0.57172	-0.310625	
0.470937	0.330294	0.818	-0.363956	
-0.644455	0.762015	0.0633352	0.382799	
0	0	0	1	
282
-0.599682	-0.558168	0.573437	-0.312029	
0.470469	0.333751	0.816866	-0.364366	
-0.647334	0.759644	0.0624558	0.384025	
0	0	0	1	
283
-0.599944	-0.555856	0.575405	-0.314521	
0.475956	0.330121	0.81516	-0.365301	
-0.643065	0.762918	0.0665092	0.381372	
0	0	0	1	
284
-0.599079	-0.553683	0.578394	-0.318355	
0.478217	0.331953	0.81309	-0.365647	
-0.642194	0.763703	0.0659145	0.381405	
0	0	0	1	
285
-0.594756	-0.556221	0.580416	-0.320647	
0.481732	0.331414	0.811233	-0.366079	
-0.643583	0.762091	0.0708393	0.379572	
0	0	0	1	
286
-0.59308	-0.556901	0.581479	-0.321853	
0.482482	0.332345	0.810406	-0.366807	
-0.644568	0.761188	0.0715871	0.379885	
0	0	0	1	
287
-0.594886	-0.55228	0.584035	-0.32325	
0.48361	0.334454	0.808864	-0.367316	
-0.642053	0.763628	0.068126	0.382499	
0	0	0	1	
288
-0.598052	-0.546491	0.586243	-0.325691	
0.485666	0.334756	0.807507	-0.36797	
-0.637544	0.767649	0.0652108	0.38297	
0	0	0	1	
289
-0.599243	-0.542602	0.588635	-0.329102	
0.487984	0.335318	0.805874	-0.367752	
-0.634649	0.770159	0.0638442	0.384162	
0	0	0	1	
290
-0.594922	-0.549775	0.586357	-0.331975	
0.484968	0.336237	0.807311	-0.368346	
-0.640995	0.764651	0.0665882	0.383938	
0	0	0	1	
291
-0.592694	-0.554539	0.584123	-0.3335	
0.482956	0.335699	0.808739	-0.369414	
-0.644567	0.761441	0.0688515	0.383791	
0	0	0	1	
292
-0.592866	-0.553403	0.585025	-0.334993	
0.486088	0.333276	0.807865	-0.369619	
-0.64205	0.763329	0.0714146	0.382356	
0	0	0	1	
293
-0.593879	-0.553825	0.583597	-0.3363	
0.480799	0.337296	0.80936	-0.369742	
-0.645089	0.761255	0.0659661	0.386234	
0	0	0	1	
294
-0.593469	-0.554097	0.583755	-0.339138	
0.480911	0.337458	0.809226	-0.369252	
-0.645383	0.760985	0.0662004	0.38601	
0	0	0	1	
295
-0.592826	-0.555215	0.583347	-0.339637	
0.481404	0.336379	0.809382	-0.369382	
-0.645607	0.760648	0.0678683	0.385489	
0	0	0	1	
296
-0.590533	-0.556088	0.584839	-0.341078	
0.486232	0.333218	0.807802	-0.368594	
-0.644088	0.761401	0.0736116	0.384486	
0	0	0	1	
297
-0.593573	-0.556537	0.581324	-0.340332	
0.478137	0.337157	0.810993	-0.369911	
-0.647345	0.759336	0.0659738	0.387943	
0	0	0	1	
298
-0.591435	-0.561579	0.578649	-0.337986	
0.477337	0.334533	0.812549	-0.370449	
-0.649888	0.75678	0.070208	0.386991	
0	0	0	1	
299
-0.599985	-0.552155	0.578916	-0.337496	
0.476595	0.334515	0.812992	-0.371358	
-0.642554	0.763691	0.06245	0.389445	
0	0	0	1	
300
-0.60324	-0.552272	0.575411	-0.337291	
0.477633	0.327627	0.815185	-0.372005	
-0.638724	0.766588	0.0661457	0.38893	
0	0	0	1	
301
-0.604055	-0.556106	0.570844	-0.335655	
0.468719	0.331395	0.818828	-0.373802	
-0.644531	0.762183	0.0604766	0.391105	
0	0	0	1	
302
-0.610629	-0.553349	0.566512	-0.33373	
0.470805	0.321553	0.821551	-0.374507	
-0.636768	0.76838	0.0641699	0.389983	
0	0	0	1	
303
-0.616239	-0.555204	0.558568	-0.330011	
0.460204	0.321697	0.82748	-0.377065	
-0.63911	0.766981	0.0572647	0.393907	
0	0	0	1	
304
-0.6208	-0.556582	0.552109	-0.326616	
0.456241	0.316212	0.831778	-0.378479	
-0.637536	0.768262	0.0576311	0.393875	
0	0	0	1	
305
-0.630094	-0.551932	0.546217	-0.32365	
0.452325	0.310879	0.835916	-0.379508	
-0.631177	0.773773	0.0537694	0.396035	
0	0	0	1	
306
-0.638022	-0.546016	0.542949	-0.322866	
0.448091	0.310156	0.838462	-0.380301	
-0.626213	0.778247	0.0467785	0.398904	
0	0	0	1	
307
-0.643008	-0.545405	0.537656	-0.320844	
0.443324	0.307387	0.842008	-0.381047	
-0.624504	0.779773	0.0441392	0.400196	
0	0	0	1	
308
-0.647782	-0.544583	0.532736	-0.318015	
0.440654	0.302595	0.845139	-0.381484	
-0.621452	0.782218	0.0439571	0.40157	
0	0	0	1	
309
-0.653646	-0.541902	0.528289	-0.316027	
0.434011	0.303449	0.848265	-0.382916	
-0.619986	0.783748	0.0368432	0.405872	
0	0	0	1	
310
-0.656394	-0.54138	0.52541	-0.31595	
0.431613	0.301719	0.850103	-0.38359	
-0.618755	0.784776	0.0356196	0.40735	
0	0	0	1	
311
-0.662279	-0.539758	0.519661	-0.31291	
0.425304	0.300183	0.853819	-0.385023	
-0.616849	0.78648	0.0307561	0.409468	
0	0	0	1	
312
-0.671025	-0.534425	0.513922	-0.309643	
0.423879	0.292182	0.857296	-0.386833	
-0.608319	0.793107	0.0304707	0.410973	
0	0	0	1	
313
-0.68172	-0.524391	0.510169	-0.308573	
0.418745	0.292134	0.859831	-0.387977	
-0.599926	0.799795	0.0204324	0.415271	
0	0	0	1	
314
-0.686497	-0.525541	0.502522	-0.305552	
0.414349	0.285179	0.864285	-0.389068	
-0.597526	0.801548	0.0219824	0.416592	
0	0	0	1	
315
-0.697822	-0.51565	0.49714	-0.30346	
0.40901	0.282916	0.867565	-0.391347	
-0.58801	0.808742	0.0134808	0.419824	
0	0	0	1	
316
-0.706969	-0.509754	0.49025	-0.30095	
0.404512	0.277165	0.871521	-0.39359	
-0.580142	0.814451	0.0102548	0.421571	
0	0	0	1	
317
-0.714569	-0.505874	0.483201	-0.297096	
0.396781	0.275792	0.875502	-0.397056	
-0.576156	0.817331	0.00364935	0.423996	
0	0	0	1	
318
-0.724731	-0.496104	0.47817	-0.294156	
0.393907	0.27108	0.878267	-0.400933	
-0.565334	0.824861	-0.00104111	0.425725	
0	0	0	1	
319
-0.733756	-0.489912	0.470731	-0.290389	
0.392173	0.260364	0.882276	-0.404475	
-0.554799	0.831983	0.00108659	0.424896	
0	0	0	1	
320
-0.743037	-0.48353	0.462704	-0.286942	
0.387118	0.253449	0.886512	-0.407727	
-0.545927	0.837832	-0.00113827	0.425557	
0	0	0	1	
321
-0.76398	-0.471175	0.440826	-0.27801	
0.37243	0.235895	0.89758	-0.41194	
-0.526906	0.84991	-0.00473994	0.424853	
0	0	0	1	
322
-0.773653	-0.464207	0.431246	-0.272765	
0.362956	0.233191	0.902155	-0.413721	
-0.51935	0.854479	-0.0119223	0.429144	
0	0	0	1	
323
-0.78489	-0.453306	0.422446	-0.2682	
0.359467	0.222206	0.906316	-0.414641	
-0.504708	0.863214	-0.0114585	0.428294	
0	0	0	1	
324
-0.798252	-0.440346	0.410962	-0.262006	
0.349446	0.217155	0.911445	-0.416056	
-0.490594	0.871171	-0.019467	0.431748	
0	0	0	1	
325
-0.809228	-0.430135	0.400168	-0.255629	
0.338496	0.215353	0.915993	-0.417473	
-0.480178	0.876702	-0.0286704	0.435631	
0	0	0	1	
326
-0.819999	-0.420575	0.388224	-0.248559	
0.326976	0.212494	0.920833	-0.419031	
-0.469775	0.882022	-0.0367267	0.438783	
0	0	0	1	
327
-0.831142	-0.410059	0.375573	-0.241611	
0.31767	0.204201	0.925953	-0.421025	
-0.456388	0.888906	-0.0394562	0.439741	
0	0	0	1	
328
-0.844063	-0.394677	0.363025	-0.235752	
0.307522	0.198335	0.930641	-0.422521	
-0.439303	0.897158	-0.0460353	0.442845	
0	0	0	1	
329
-0.858285	-0.379559	0.345372	-0.227322	
0.292564	0.191014	0.936974	-0.424359	
-0.421608	0.905234	-0.0528992	0.445245	
0	0	0	1	
330
-0.869707	-0.366259	0.330853	-0.219016	
0.277459	0.191588	0.941441	-0.425541	
-0.408198	0.910576	-0.0650032	0.45092	
0	0	0	1	
331
-0.883859	-0.347898	0.312666	-0.209402	
0.262954	0.183262	0.947244	-0.427144	
-0.386844	0.919446	-0.0704967	0.453	
0	0	0	1	
332
-0.897416	-0.332738	0.289708	-0.197708	
0.239828	0.183242	0.953365	-0.429156	
-0.370308	0.925044	-0.0846438	0.459571	
0	0	0	1	
333
-0.910846	-0.313683	0.268258	-0.186104	
0.22016	0.180514	0.958616	-0.431061	
-0.349126	0.932211	-0.0953603	0.462896	
0	0	0	1	
334
-0.924766	-0.292387	0.243552	-0.173543	
0.19819	0.176298	0.964178	-0.43252	
-0.324851	0.939909	-0.105086	0.466741	
0	0	0	1	
335
-0.935381	-0.274503	0.222961	-0.163436	
0.180407	0.171872	0.968459	-0.434013	
-0.304165	0.946101	-0.111244	0.469377	
0	0	0	1	
336
-0.944715	-0.25815	0.202167	-0.152776	
0.162268	0.16769	0.972394	-0.435589	
-0.284924	0.95144	-0.116531	0.471269	
0	0	0	1	
337
-0.951057	-0.248674	0.183443	-0.142168	
0.143797	0.169302	0.975018	-0.43647	
-0.273519	0.953676	-0.125257	0.475058	
0	0	0	1	
338
-0.959288	-0.228291	0.166282	-0.132371	
0.1299	0.16615	0.977507	-0.437909	
-0.250784	0.959311	-0.12973	0.477389	
0	0	0	1	
339
-0.96504	-0.215901	0.14861	-0.122483	
0.1147	0.161945	0.980111	-0.439856	
-0.235674	0.962892	-0.131519	0.478629	
0	0	0	1	
340
-0.971542	-0.196847	0.131749	-0.112772	
0.101307	0.157456	0.982316	-0.442026	
-0.214111	0.967708	-0.133033	0.480258	
0	0	0	1	
341
-0.976484	-0.180212	0.118337	-0.105647	
0.0911708	0.152225	0.984132	-0.444423	
-0.195366	0.971777	-0.132215	0.480418	
0	0	0	1	
342
-0.980055	-0.169214	0.10421	-0.0984906	
0.0797933	0.145193	0.986181	-0.446775	
-0.182006	0.974826	-0.128795	0.479005	
0	0	0	1	
343
-0.983265	-0.156859	0.0926597	-0.0923641	
0.0690087	0.150031	0.98627	-0.448532	
-0.168608	0.976159	-0.136695	0.483958	
0	0	0	1	
344
-0.986937	-0.140762	0.0783673	-0.0846348	
0.0589688	0.137052	0.988807	-0.451863	
-0.149927	0.980511	-0.126961	0.480773	
0	0	0	1	
345
-0.989971	-0.125622	0.0646303	-0.0771674	
0.0471613	0.137369	0.989397	-0.45445	
-0.133169	0.982521	-0.130067	0.483041	
0	0	0	1	
346
-0.992571	-0.110765	0.0503296	-0.0696926	
0.0354307	0.132586	0.990538	-0.456428	
-0.11639	0.984963	-0.127677	0.48358	
0	0	0	1	
347
-0.994934	-0.0952788	0.032081	-0.0604736	
0.0195154	0.129999	0.991322	-0.458399	
-0.0986225	0.986925	-0.127481	0.48555	
0	0	0	1	
348
-0.996289	-0.0840087	0.0187489	-0.0529908	
0.00734368	0.134066	0.990945	-0.460529	
-0.0857616	0.987405	-0.132951	0.488849	
0	0	0	1	
349
-0.997981	-0.063477	0.00193785	-0.0442105	
-0.00645666	0.131773	0.991259	-0.463313	
-0.0631775	0.989245	-0.131917	0.489999	
0	0	0	1	
350
-0.998414	-0.0540484	-0.0157834	-0.0357828	
-0.0222968	0.122116	0.992265	-0.466266	
-0.051703	0.991043	-0.123127	0.487184	
0	0	0	1	
351
-0.998787	-0.0386368	-0.0305266	-0.0282978	
-0.0350905	0.123568	0.991715	-0.468417	
-0.0345446	0.991583	-0.124774	0.488611	
0	0	0	1	
352
-0.998699	-0.0227228	-0.0456433	-0.0206684	
-0.0480773	0.121617	0.991412	-0.470348	
-0.0169766	0.992317	-0.122552	0.48865	
0	0	0	1	
353
-0.997959	-0.00498257	-0.0636575	-0.0124346	
-0.0637909	0.121457	0.990545	-0.471352	
0.00279622	0.992584	-0.121528	0.489886	
0	0	0	1	
354
-0.996719	0.00463771	-0.0808052	-0.00455	
-0.0796935	0.118186	0.989788	-0.472268	
0.0141404	0.992981	-0.117428	0.487086	
0	0	0	1	
355
-0.99534	0.011656	-0.0957189	0.00189488	
-0.0936445	0.119856	0.988365	-0.471941	
0.0229929	0.992723	-0.118206	0.488236	
0	0	0	1	
356
-0.993573	0.0250442	-0.110391	0.00887822	
-0.106679	0.118957	0.987152	-0.471237	
0.0378542	0.992583	-0.115521	0.487784	
0	0	0	1	
357
-0.991651	0.0362911	-0.123743	0.0146698	
-0.118666	0.118796	0.985802	-0.470483	
0.0504759	0.992255	-0.113497	0.48776	
0	0	0	1	
358
-0.989275	0.0464808	-0.138471	0.0209472	
-0.131921	0.122646	0.983644	-0.469089	
0.0627034	0.991361	-0.115198	0.488691	
0	0	0	1	
359
-0.986763	0.0567124	-0.151926	0.0266676	
-0.143969	0.124822	0.981678	-0.467794	
0.0746372	0.990557	-0.115005	0.488913	
0	0	0	1	
360
-0.983592	0.0688385	-0.166758	0.0331339	
-0.156889	0.12996	0.979028	-0.466678	
0.0890667	0.989127	-0.117028	0.489866	
0	0	0	1	
361
-0.980096	0.0810743	-0.181213	0.0395156	
-0.170051	0.128163	0.977065	-0.465661	
0.10244	0.988434	-0.111825	0.487687	
0	0	0	1	
362
-0.976117	0.0946308	-0.19555	0.0454903	
-0.18224	0.133285	0.974178	-0.464669	
0.118251	0.986549	-0.112856	0.486989	
0	0	0	1	
363
-0.972127	0.105884	-0.209185	0.0509415	
-0.194369	0.134979	0.971597	-0.463167	
0.131112	0.985175	-0.110637	0.485447	
0	0	0	1	
364
-0.967796	0.114418	-0.22423	0.0578723	
-0.208475	0.134971	0.96867	-0.461323	
0.141098	0.984221	-0.106771	0.48305	
0	0	0	1	
365
-0.96243	0.129911	-0.238436	0.0637714	
-0.220833	0.136448	0.96572	-0.458947	
0.157992	0.982092	-0.102633	0.481616	
0	0	0	1	
366
-0.957073	0.143885	-0.251612	0.0698152	
-0.23083	0.146638	0.961881	-0.456615	
0.175296	0.97867	-0.107131	0.483535	
0	0	0	1	
367
-0.950782	0.154716	-0.268469	0.0777534	
-0.246476	0.147448	0.957867	-0.453985	
0.187783	0.976894	-0.102057	0.480247	
0	0	0	1	
368
-0.943529	0.168337	-0.285336	0.0857544	
-0.261958	0.148169	0.953637	-0.451115	
0.20281	0.97453	-0.0957044	0.477495	
0	0	0	1	
369
-0.935271	0.187312	-0.300304	0.0923528	
-0.274117	0.153383	0.949386	-0.448894	
0.223893	0.970251	-0.0921096	0.475499	
0	0	0	1	
370
-0.926956	0.203381	-0.31526	0.0983426	
-0.285002	0.164738	0.944264	-0.445802	
0.24398	0.965141	-0.0947407	0.476486	
0	0	0	1	
371
-0.917534	0.213998	-0.335166	0.108055	
-0.303311	0.168453	0.937884	-0.442684	
0.257165	0.9622	-0.0896534	0.473655	
0	0	0	1	
372
-0.906748	0.23399	-0.350795	0.115044	
-0.315893	0.174126	0.93268	-0.44021	
0.27932	0.956519	-0.0839729	0.471032	
0	0	0	1	
373
-0.894584	0.252068	-0.369027	0.122852	
-0.330925	0.181321	0.926073	-0.437301	
0.300346	0.95057	-0.0787913	0.468767	
0	0	0	1	
374
-0.883708	0.262537	-0.387473	0.131602	
-0.345955	0.191193	0.918564	-0.434533	
0.315239	0.94579	-0.078133	0.467909	
0	0	0	1	
375
-0.870967	0.282206	-0.402215	0.138848	
-0.358545	0.194671	0.912989	-0.432213	
0.33595	0.939395	-0.0683683	0.464544	
0	0	0	1	
376
-0.859611	0.295033	-0.417162	0.145669	
-0.370852	0.201368	0.906598	-0.429642	
0.351479	0.934027	-0.0636846	0.461483	
0	0	0	1	
377
-0.848074	0.304169	-0.43388	0.152967	
-0.386491	0.205065	0.899207	-0.426025	
0.362484	0.930285	-0.0563515	0.457078	
0	0	0	1	
378
-0.836854	0.31622	-0.446856	0.159238	
-0.395778	0.214454	0.892955	-0.423213	
0.3782	0.924129	-0.0543142	0.456039	
0	0	0	1	
379
-0.824736	0.327233	-0.461225	0.166768	
-0.410473	0.214623	0.886256	-0.420147	
0.389001	0.920248	-0.042687	0.45011	
0	0	0	1	
380
-0.811551	0.340516	-0.474798	0.173977	
-0.421708	0.221085	0.879365	-0.417152	
0.404409	0.913876	-0.035823	0.447155	
0	0	0	1	
381
-0.799035	0.349509	-0.489271	0.181534	
-0.435849	0.223893	0.871727	-0.413686	
0.41422	0.909789	-0.0265655	0.442192	
0	0	0	1	
382
-0.784783	0.364818	-0.501023	0.187711	
-0.4415	0.238272	0.865046	-0.411023	
0.434964	0.900074	-0.0259252	0.442758	
0	0	0	1	
383
-0.7694	0.378785	-0.514341	0.194752	
-0.453627	0.242889	0.857454	-0.408251	
0.449718	0.893044	-0.0150518	0.437866	
0	0	0	1	
384
-0.754057	0.388742	-0.529412	0.202912	
-0.467762	0.247997	0.848349	-0.4045	
0.461082	0.887342	-0.00516537	0.432471	
0	0	0	1	
385
-0.739674	0.404254	-0.538015	0.206861	
-0.472445	0.257404	0.842935	-0.402328	
0.479247	0.87768	0.000592232	0.429563	
0	0	0	1	
386
-0.725614	0.414649	-0.549136	0.212649	
-0.48069	0.265577	0.835707	-0.399768	
0.492363	0.870365	0.00661132	0.427572	
0	0	0	1	
387
-0.712369	0.422727	-0.560207	0.218958	
-0.488926	0.273716	0.82827	-0.39745	
0.50347	0.863934	0.011695	0.424314	
0	0	0	1	
388
-0.699378	0.427653	-0.572698	0.225328	
-0.50308	0.274638	0.819442	-0.394457	
0.507721	0.861212	0.0230675	0.418993	
0	0	0	1	
389
-0.685848	0.434559	-0.583756	0.231668	
-0.51368	0.279131	0.811307	-0.391334	
0.515505	0.856297	0.0317824	0.415374	
0	0	0	1	
390
-0.671116	0.443969	-0.593713	0.238376	
-0.521498	0.286489	0.803719	-0.388484	
0.526918	0.849009	0.0392611	0.412494	
0	0	0	1	
391
-0.656494	0.45445	-0.602072	0.243703	
-0.528321	0.29269	0.797001	-0.385931	
0.538418	0.841313	0.0479465	0.408919	
0	0	0	1	
392
-0.642417	0.464388	-0.609627	0.248384	
-0.532795	0.301142	0.790849	-0.383096	
0.550845	0.832861	0.0539649	0.407112	
0	0	0	1	
393
-0.629281	0.469468	-0.619359	0.255148	
-0.541931	0.306155	0.782675	-0.379954	
0.557061	0.828172	0.0617622	0.404145	
0	0	0	1	
394
-0.615906	0.477487	-0.626631	0.259813	
-0.547119	0.313063	0.776307	-0.377556	
0.566852	0.820973	0.0684252	0.401791	
0	0	0	1	
395
-0.603951	0.482008	-0.634754	0.264876	
-0.551899	0.321664	0.769376	-0.374383	
0.575023	0.814985	0.0717501	0.400525	
0	0	0	1	
396
-0.590563	0.488405	-0.642414	0.270186	
-0.558654	0.32704	0.762201	-0.370976	
0.582358	0.809015	0.079712	0.398176	
0	0	0	1	
397
-0.578798	0.494283	-0.648597	0.274711	
-0.563258	0.332828	0.756284	-0.36853	
0.589689	0.803063	0.085769	0.395835	
0	0	0	1	
398
-0.567959	0.49909	-0.654471	0.277811	
-0.567533	0.338418	0.750586	-0.365605	
0.596095	0.797735	0.0910426	0.394368	
0	0	0	1	
399
-0.556654	0.503404	-0.660848	0.281842	
-0.57235	0.344173	0.744285	-0.362965	
0.602122	0.792546	0.0965377	0.392882	
0	0	0	1	
400
-0.545426	0.511238	-0.664188	0.284215	
-0.571568	0.352732	0.740872	-0.362141	
0.613042	0.783719	0.099818	0.392179	
0	0	0	1	
401
-0.535009	0.515581	-0.669285	0.286396	
-0.577907	0.354529	0.735074	-0.359993	
0.616271	0.780055	0.108282	0.388727	
0	0	0	1	
402
-0.526499	0.516672	-0.675166	0.289203	
-0.580274	0.362018	0.729537	-0.357921	
0.621354	0.775882	0.10921	0.389189	
0	0	0	1	
403
-0.51746	0.520776	-0.67899	0.290853	
-0.583769	0.365322	0.725089	-0.356506	
0.625659	0.771578	0.114973	0.387116	
0	0	0	1	
404
-0.512264	0.52209	-0.681915	0.292362	
-0.58649	0.367374	0.721849	-0.355157	
0.627388	0.769713	0.118008	0.38654	
0	0	0	1	
405
-0.509982	0.521889	-0.683776	0.292708	
-0.589188	0.36723	0.719722	-0.353825	
0.626718	0.769918	0.12021	0.385466	
0	0	0	1	
406
-0.510067	0.520574	-0.684715	0.292867	
-0.590868	0.366435	0.718749	-0.352745	
0.625066	0.771186	0.120684	0.385553	
0	0	0	1	
407
-0.509737	0.52214	-0.683767	0.292294	
-0.588232	0.368455	0.719878	-0.353224	
0.627815	0.769162	0.119324	0.386206	
0	0	0	1	
408
-0.510006	0.521297	-0.684209	0.291295	
-0.588987	0.368067	0.719458	-0.352547	
0.626887	0.769919	0.119321	0.386621	
0	0	0	1	
409
-0.511325	0.520314	-0.683973	0.290007	
-0.588363	0.368164	0.71992	-0.352205	
0.626399	0.770537	0.117882	0.386951	
0	0	0	1	
410
-0.513403	0.519708	-0.682877	0.288002	
-0.589671	0.364484	0.720722	-0.351987	
0.623462	0.772693	0.119329	0.38578	
0	0	0	1	
411
-0.515256	0.519458	-0.68167	0.286352	
-0.585893	0.366997	0.722526	-0.351708	
0.625493	0.771671	0.11525	0.387362	
0	0	0	1	
412
-0.516045	0.519751	-0.68085	0.286047	
-0.586347	0.36509	0.723122	-0.351031	
0.624416	0.772378	0.116352	0.386882	
0	0	0	1	
413
-0.515466	0.521922	-0.679627	0.286326	
-0.584864	0.365371	0.724181	-0.351033	
0.626281	0.77078	0.116917	0.386451	
0	0	0	1	
414
-0.51337	0.526349	-0.677797	0.285957	
-0.582222	0.366615	0.725679	-0.351389	
0.630451	0.76717	0.118243	0.385617	
0	0	0	1	
415
-0.512466	0.528246	-0.677004	0.284576	
-0.582155	0.36584	0.726124	-0.351439	
0.631248	0.766235	0.120041	0.384934	
0	0	0	1	
416
-0.512878	0.524623	-0.679505	0.284677	
-0.58559	0.364987	0.723787	-0.349726	
0.627726	0.769126	0.12002	0.384832	
0	0	0	1	
417
-0.514548	0.524676	-0.6782	0.28327	
-0.581806	0.367378	0.725628	-0.350033	
0.629875	0.767951	0.116226	0.386537	
0	0	0	1	
418
-0.516296	0.523265	-0.677962	0.282253	
-0.581867	0.366527	0.726009	-0.349943	
0.628386	0.769319	0.115234	0.387704	
0	0	0	1	
419
-0.517158	0.523581	-0.67706	0.280711	
-0.580656	0.366538	0.726972	-0.350463	
0.628797	0.769098	0.114462	0.388401	
0	0	0	1	
420
-0.517704	0.523916	-0.676383	0.279579	
-0.58122	0.36477	0.727411	-0.35074	
0.627826	0.769711	0.115667	0.387882	
0	0	0	1	
421
-0.518932	0.525847	-0.67394	0.27755	
-0.578017	0.364982	0.729852	-0.351852	
0.629767	0.768292	0.114548	0.388126	
0	0	0	1	
422
-0.52114	0.525924	-0.672173	0.275878	
-0.577913	0.362095	0.731371	-0.352497	
0.628036	0.769605	0.115236	0.388084	
0	0	0	1	
423
-0.52286	0.525682	-0.671026	0.274756	
-0.577709	0.360309	0.732414	-0.352774	
0.626794	0.770607	0.1153	0.387256	
0	0	0	1	
424
-0.523447	0.52601	-0.670311	0.274522	
-0.576443	0.360718	0.73321	-0.35288	
0.627469	0.770192	0.114398	0.387612	
0	0	0	1	
425
-0.523797	0.526695	-0.6695	0.275411	
-0.575651	0.360469	0.733953	-0.353748	
0.627903	0.769841	0.11438	0.387716	
0	0	0	1	
426
-0.520737	0.533357	-0.666606	0.274698	
-0.575461	0.357483	0.735561	-0.355379	
0.630617	0.766639	0.120771	0.383933	
0	0	0	1	
427
-0.520413	0.533248	-0.666946	0.274556	
-0.574691	0.358972	0.735438	-0.355993	
0.631586	0.766019	0.119639	0.383664	
0	0	0	1	
428
-0.520939	0.533572	-0.666276	0.273604	
-0.577813	0.354106	0.735351	-0.357114	
0.628295	0.768056	0.123837	0.381146	
0	0	0	1	
429
-0.52177	0.532501	-0.666482	0.273273	
-0.579342	0.35229	0.735021	-0.357841	
0.626194	0.769633	0.124686	0.379412	
0	0	0	1	
430
-0.518828	0.533898	-0.667661	0.272918	
-0.581574	0.351988	0.7334	-0.357364	
0.626569	0.768803	0.12788	0.377402	
0	0	0	1	
431
-0.513576	0.534882	-0.670926	0.273609	
-0.583758	0.355263	0.730078	-0.356145	
0.628861	0.766609	0.129787	0.376604	
0	0	0	1	
432
-0.502573	0.539873	-0.675246	0.2754	
-0.587258	0.360016	0.724925	-0.353611	
0.634467	0.760872	0.136111	0.374595	
0	0	0	1	
433
-0.490202	0.544699	-0.680444	0.27785	
-0.59081	0.366309	0.718861	-0.350556	
0.640816	0.7544	0.142248	0.371679	
0	0	0	1	
434
-0.477127	0.548732	-0.686471	0.280779	
-0.596316	0.371643	0.71154	-0.347178	
0.645567	0.748848	0.149897	0.369572	
0	0	0	1	
435
-0.463072	0.55479	-0.691211	0.283588	
-0.602173	0.375303	0.704653	-0.344119	
0.650348	0.742533	0.160287	0.364982	
0	0	0	1	
436
-0.446398	0.562056	-0.696291	0.286711	
-0.603439	0.385488	0.698041	-0.34094	
0.66075	0.731773	0.167086	0.361208	
0	0	0	1	
437
-0.431013	0.56699	-0.701962	0.289099	
-0.609006	0.391246	0.689955	-0.337102	
0.665837	0.724878	0.176668	0.356189	
0	0	0	1	
438
-0.41607	0.570869	-0.70781	0.291776	
-0.614195	0.39757	0.681691	-0.333209	
0.67056	0.718364	0.185208	0.351623	
0	0	0	1	
439
-0.400536	0.575246	-0.713205	0.294629	
-0.616719	0.406418	0.674152	-0.330255	
0.677664	0.70987	0.19198	0.347861	
0	0	0	1	
440
-0.38461	0.578829	-0.71905	0.297273	
-0.623344	0.41167	0.664809	-0.32624	
0.680821	0.703907	0.202477	0.342444	
0	0	0	1	
441
-0.370414	0.583257	-0.722914	0.298993	
-0.627186	0.417022	0.657823	-0.32303	
0.685151	0.697068	0.21134	0.33682	
0	0	0	1	
442
-0.358598	0.583165	-0.728921	0.302715	
-0.63151	0.423501	0.649493	-0.319497	
0.687461	0.693228	0.216408	0.33406	
0	0	0	1	
443
-0.344144	0.58965	-0.73067	0.303584	
-0.634803	0.427265	0.643793	-0.316786	
0.691802	0.685389	0.227271	0.327863	
0	0	0	1	
444
-0.331138	0.592434	-0.734418	0.305682	
-0.63839	0.432491	0.636718	-0.312689	
0.694842	0.679687	0.23499	0.323991	
0	0	0	1	
445
-0.321357	0.593279	-0.738072	0.30848	
-0.642624	0.435843	0.630139	-0.308966	
0.695531	0.676802	0.241194	0.320677	
0	0	0	1	
446
-0.30985	0.598498	-0.738778	0.309583	
-0.641097	0.442293	0.627193	-0.307312	
0.70213	0.667964	0.246651	0.318179	
0	0	0	1	
447
-0.300949	0.599304	-0.741798	0.311348	
-0.644049	0.445934	0.621565	-0.303773	
0.7033	0.664814	0.251778	0.315314	
0	0	0	1	
448
-0.290073	0.600086	-0.745489	0.313671	
-0.643979	0.453836	0.615893	-0.3008	
0.707919	0.658733	0.254797	0.313825	
0	0	0	1	
449
-0.272427	0.607291	-0.746312	0.314297	
-0.647658	0.45788	0.609003	-0.297764	
0.711563	0.649264	0.268578	0.30611	
0	0	0	1	
450
-0.256865	0.607882	-0.751332	0.316516	
-0.649751	0.466878	0.599874	-0.293421	
0.715433	0.642265	0.275047	0.302185	
0	0	0	1	
451
-0.236837	0.613417	-0.75341	0.316373	
-0.653389	0.473344	0.590786	-0.288928	
0.719021	0.63219	0.288694	0.295114	
0	0	0	1	
452
-0.218639	0.613554	-0.758781	0.3181	
-0.66372	0.476508	0.576555	-0.282311	
0.715313	0.629675	0.303045	0.286437	
0	0	0	1	
453
-0.206648	0.610093	-0.764907	0.320909	
-0.665759	0.485209	0.566866	-0.277469	
0.716981	0.626385	0.305907	0.284275	
0	0	0	1	
454
-0.189928	0.61288	-0.767011	0.322315	
-0.667509	0.492283	0.558649	-0.27336	
0.719971	0.618089	0.315605	0.278119	
0	0	0	1	
455
-0.171393	0.61515	-0.769555	0.324677	
-0.668199	0.501415	0.54963	-0.268439	
0.723971	0.608418	0.325104	0.273817	
0	0	0	1	
456
-0.15297	0.618053	-0.77111	0.326427	
-0.666784	0.51136	0.542135	-0.264609	
0.729383	0.597095	0.333885	0.268706	
0	0	0	1	
457
-0.132255	0.620513	-0.772964	0.327688	
-0.668299	0.520094	0.531863	-0.259833	
0.732042	0.586912	0.345903	0.26257	
0	0	0	1	
458
-0.111039	0.622011	-0.775095	0.328676	
-0.673037	0.52678	0.519157	-0.253587	
0.731226	0.579314	0.360143	0.255574	
0	0	0	1	
459
-0.0896006	0.620488	-0.77908	0.331458	
-0.672967	0.538933	0.506623	-0.247381	
0.734226	0.569689	0.369279	0.250602	
0	0	0	1	
460
-0.0658595	0.621974	-0.780263	0.332176	
-0.673672	0.54913	0.494593	-0.241503	
0.73609	0.558215	0.382841	0.243415	
0	0	0	1	
461
-0.0395325	0.624657	-0.779898	0.332246	
-0.673605	0.559831	0.48254	-0.234868	
0.738033	0.544419	0.398641	0.23547	
0	0	0	1	
462
-0.0164664	0.624781	-0.780626	0.333351	
-0.670696	0.572128	0.472056	-0.229212	
0.741549	0.531336	0.409618	0.230927	
0	0	0	1	
463
0.00531235	0.621968	-0.783024	0.335451	
-0.671359	0.582544	0.458169	-0.222497	
0.741113	0.523257	0.420659	0.224569	
0	0	0	1	
464
0.0262461	0.619108	-0.784867	0.337514	
-0.670106	0.593513	0.445758	-0.216421	
0.741802	0.514245	0.430445	0.219469	
0	0	0	1	
465
0.0457272	0.618642	-0.784341	0.33915	
-0.670338	0.601139	0.435062	-0.211462	
0.740646	0.50588	0.442188	0.214462	
0	0	0	1	
466
0.0624887	0.618058	-0.783645	0.340364	
-0.673562	0.60552	0.423861	-0.206675	
0.736484	0.501347	0.454139	0.208338	
0	0	0	1	
467
0.0799307	0.618216	-0.781934	0.340505	
-0.666098	0.616713	0.419499	-0.204899	
0.741569	0.487313	0.461086	0.204226	
0	0	0	1	
468
0.0951189	0.618803	-0.779766	0.34014	
-0.668366	0.620205	0.410649	-0.200849	
0.737726	0.482109	0.47258	0.198802	
0	0	0	1	
469
0.10818	0.61591	-0.780354	0.341223	
-0.668346	0.626154	0.401552	-0.196848	
0.735942	0.478107	0.479379	0.195484	
0	0	0	1	
470
0.126369	0.615478	-0.777957	0.341011	
-0.665792	0.633985	0.393426	-0.193631	
0.735358	0.468241	0.489896	0.190685	
0	0	0	1	
471
0.145015	0.611384	-0.777933	0.342248	
-0.668195	0.640379	0.378721	-0.187353	
0.729716	0.464891	0.501389	0.184737	
0	0	0	1	
472
0.165028	0.608038	-0.776566	0.342515	
-0.662978	0.651331	0.369091	-0.182291	
0.730223	0.453935	0.510604	0.180709	
0	0	0	1	
473
0.186124	0.605187	-0.77402	0.342203	
-0.661324	0.659783	0.356843	-0.176648	
0.726642	0.445461	0.523026	0.174778	
0	0	0	1	
474
0.207457	0.603755	-0.769702	0.340837	
-0.656755	0.669096	0.347826	-0.172217	
0.725006	0.433347	0.535328	0.169106	
0	0	0	1	
475
0.223686	0.599327	-0.768617	0.341483	
-0.648886	0.680001	0.341388	-0.169231	
0.727263	0.422381	0.541001	0.166815	
0	0	0	1	
476
0.241354	0.597673	-0.764549	0.340614	
-0.645852	0.68695	0.333128	-0.166291	
0.724309	0.413384	0.551807	0.162501	
0	0	0	1	
477
0.256998	0.59557	-0.761084	0.339613	
-0.641313	0.694246	0.326712	-0.163933	
0.722959	0.404128	0.560366	0.159209	
0	0	0	1	
478
0.272562	0.593013	-0.757658	0.338444	
-0.638557	0.700534	0.318587	-0.161016	
0.719691	0.396973	0.569612	0.155911	
0	0	0	1	
479
0.285392	0.589474	-0.755693	0.337438	
-0.639537	0.704393	0.307933	-0.156934	
0.713823	0.395411	0.578019	0.151714	
0	0	0	1	
480
0.297158	0.584667	-0.754892	0.337202	
-0.631269	0.713464	0.304087	-0.155364	
0.716378	0.386178	0.581094	0.151686	
0	0	0	1	
481
0.307842	0.583029	-0.751872	0.336149	
-0.631798	0.716128	0.296633	-0.152413	
0.711382	0.383715	0.588811	0.147951	
0	0	0	1	
482
0.318447	0.5807	-0.749252	0.335389	
-0.628453	0.721062	0.291747	-0.150195	
0.709675	0.377964	0.594563	0.146408	
0	0	0	1	
483
0.326903	0.578204	-0.747539	0.33522	
-0.62643	0.724836	0.286702	-0.148367	
0.707615	0.374557	0.599156	0.145013	
0	0	0	1	
484
0.337356	0.574719	-0.74558	0.334857	
-0.619288	0.73199	0.284031	-0.147579	
0.708995	0.365909	0.602857	0.144202	
0	0	0	1	
485
0.348824	0.572903	-0.74169	0.333508	
-0.614807	0.737194	0.28028	-0.146654	
0.707343	0.358228	0.609376	0.141633	
0	0	0	1	
486
0.360882	0.570126	-0.738052	0.331974	
-0.614746	0.740539	0.271458	-0.142804	
0.701322	0.35575	0.61773	0.138733	
0	0	0	1	
487
0.369291	0.566543	-0.73665	0.331301	
-0.612124	0.744721	0.265886	-0.140423	
0.699234	0.352732	0.621813	0.137757	
0	0	0	1	
488
0.378537	0.561563	-0.73577	0.331191	
-0.607961	0.750248	0.259831	-0.137759	
0.697921	0.348963	0.625405	0.136867	
0	0	0	1	
489
0.389508	0.560833	-0.730582	0.328734	
-0.600719	0.75598	0.260058	-0.138035	
0.698154	0.33758	0.631364	0.135919	
0	0	0	1	
490
0.402185	0.557389	-0.726336	0.327148	
-0.597843	0.760726	0.252744	-0.134929	
0.69342	0.332585	0.639184	0.132966	
0	0	0	1	
491
0.415667	0.555577	-0.720108	0.324282	
-0.59506	0.764898	0.246647	-0.132613	
0.68784	0.325984	0.648545	0.128915	
0	0	0	1	
492
0.426444	0.551303	-0.717085	0.322905	
-0.589638	0.77062	0.24181	-0.130753	
0.685911	0.319702	0.653695	0.127625	
0	0	0	1	
493
0.43489	0.547843	-0.71466	0.321366	
-0.584974	0.775248	0.238317	-0.129477	
0.684599	0.314416	0.657622	0.12617	
0	0	0	1	
494
0.443222	0.543972	-0.712495	0.319578	
-0.583377	0.778517	0.231477	-0.126146	
0.680606	0.313057	0.662397	0.124471	
0	0	0	1	
495
0.451232	0.542587	-0.708512	0.31685	
-0.578196	0.782509	0.231018	-0.126091	
0.679764	0.305416	0.666815	0.123343	
0	0	0	1	
496
0.457037	0.537562	-0.708621	0.316008	
-0.575619	0.786125	0.225102	-0.122994	
0.678071	0.305016	0.668719	0.123008	
0	0	0	1	
497
0.464776	0.535874	-0.704856	0.313681	
-0.572807	0.789012	0.222151	-0.120947	
0.675186	0.300496	0.673667	0.121099	
0	0	0	1	
498
0.470339	0.534548	-0.702168	0.312208	
-0.569864	0.791507	0.220844	-0.119676	
0.673823	0.296269	0.676896	0.120562	
0	0	0	1	
499
0.477281	0.533202	-0.698497	0.309859	
-0.564365	0.795269	0.221445	-0.119421	
0.673569	0.288516	0.680488	0.119318	
0	0	0	1	
500
0.482234	0.530954	-0.696805	0.307723	
-0.563336	0.797086	0.217502	-0.116468	
0.670897	0.287649	0.683488	0.118161	
0	0	0	1	
501
0.484581	0.526954	-0.698212	0.307437	
-0.55968	0.800201	0.215492	-0.114532	
0.672264	0.286352	0.682688	0.119026	
0	0	0	1	
502
0.48836	0.525986	-0.696307	0.306033	
-0.557263	0.802018	0.215	-0.11404	
0.671538	0.283028	0.684786	0.1177	
0	0	0	1	
503
0.493894	0.522842	-0.69477	0.305226	
-0.556469	0.804027	0.209483	-0.110532	
0.66814	0.283156	0.688049	0.116754	
0	0	0	1	
504
0.499701	0.522752	-0.690673	0.302104	
-0.550356	0.807338	0.21287	-0.111169	
0.668885	0.273745	0.691127	0.115567	
0	0	0	1	
505
0.505633	0.519271	-0.68898	0.301249	
-0.544749	0.81142	0.211769	-0.110201	
0.669018	0.268243	0.693153	0.114823	
0	0	0	1	
506
0.512398	0.517666	-0.685179	0.299457	
-0.542782	0.813524	0.208724	-0.108901	
0.665459	0.264953	0.697829	0.11253	
0	0	0	1	
507
0.517909	0.515591	-0.682595	0.297656	
-0.54011	0.815876	0.206463	-0.107766	
0.663364	0.261748	0.701025	0.110875	
0	0	0	1	
508
0.523823	0.512758	-0.680212	0.296248	
-0.536422	0.818875	0.204193	-0.1071	
0.661711	0.25792	0.704	0.109508	
0	0	0	1	
509
0.531775	0.511591	-0.674899	0.29291	
-0.534757	0.820793	0.20083	-0.106065	
0.656696	0.254111	0.710055	0.105814	
0	0	0	1	
510
0.536429	0.508534	-0.673526	0.291905	
-0.535768	0.821825	0.193792	-0.102996	
0.652071	0.256898	0.713307	0.104523	
0	0	0	1	
511
0.542118	0.507099	-0.670043	0.290776	
-0.53173	0.824454	0.193749	-0.103088	
0.65067	0.251248	0.716591	0.103467	
0	0	0	1	
512
0.550178	0.505727	-0.664487	0.287644	
-0.530498	0.826216	0.189577	-0.101498	
0.644885	0.248208	0.722853	0.0998123	
0	0	0	1	
513
0.557375	0.502298	-0.661082	0.285467	
-0.525052	0.830047	0.187995	-0.100852	
0.643159	0.242319	0.72638	0.0977786	
0	0	0	1	
514
0.562156	0.498881	-0.65962	0.284971	
-0.524304	0.831796	0.182267	-0.0984681	
0.639598	0.243379	0.729164	0.0964409	
0	0	0	1	
515
0.569356	0.498862	-0.65343	0.281572	
-0.520445	0.834002	0.183238	-0.0991094	
0.636373	0.235747	0.734475	0.0934227	
0	0	0	1	
516
0.574362	0.496338	-0.650966	0.28005	
-0.5179	0.836162	0.180589	-0.0981427	
0.633946	0.233412	0.737313	0.0915662	
0	0	0	1	
517
0.579736	0.49362	-0.648264	0.278705	
-0.515685	0.838269	0.177128	-0.0970135	
0.630853	0.231612	0.740527	0.0900184	
0	0	0	1	
518
0.587093	0.490028	-0.644355	0.276806	
-0.511939	0.841341	0.17339	-0.0953624	
0.627088	0.228075	0.74481	0.087455	
0	0	0	1	
519
0.59546	0.48606	-0.639666	0.275201	
-0.509757	0.843995	0.166793	-0.0921494	
0.620947	0.226756	0.750338	0.0853092	
0	0	0	1	
520
0.603476	0.481572	-0.635536	0.274502	
-0.505796	0.847346	0.161788	-0.0903311	
0.616431	0.223816	0.75493	0.0829686	
0	0	0	1	
521
0.611971	0.477285	-0.630627	0.273348	
-0.500838	0.85099	0.158043	-0.0892539	
0.612089	0.219124	0.759824	0.0806041	
0	0	0	1	
522
0.624032	0.47434	-0.620955	0.26907	
-0.495088	0.854824	0.155448	-0.0882885	
0.604542	0.210423	0.768278	0.0767592	
0	0	0	1	
523
0.631022	0.469304	-0.617709	0.267824	
-0.491179	0.858025	0.150119	-0.0858331	
0.600461	0.208677	0.771946	0.0755582	
0	0	0	1	
524
0.639144	0.464726	-0.612801	0.266548	
-0.484545	0.862086	0.148401	-0.0848993	
0.597253	0.20208	0.776178	0.0733068	
0	0	0	1	
525
0.646707	0.461779	-0.607066	0.264496	
-0.481145	0.864553	0.14508	-0.0830289	
0.591836	0.198263	0.781295	0.0717729	
0	0	0	1	
526
0.654514	0.458516	-0.601144	0.261787	
-0.477996	0.866994	0.140858	-0.0810024	
0.585774	0.195151	0.786629	0.0695573	
0	0	0	1	
527
0.660293	0.453442	-0.598668	0.260486	
-0.47271	0.870367	0.137863	-0.0792873	
0.583574	0.191967	0.789044	0.0691255	
0	0	0	1	
528
0.666932	0.451865	-0.59247	0.257339	
-0.469719	0.872205	0.136461	-0.0782107	
0.578417	0.187284	0.793951	0.0671018	
0	0	0	1	
529
0.672859	0.446731	-0.589654	0.256716	
-0.463959	0.875665	0.133989	-0.0763916	
0.576197	0.18342	0.796464	0.0674793	
0	0	0	1	
530
0.679388	0.44333	-0.584714	0.254122	
-0.458424	0.878644	0.133537	-0.0753871	
0.572956	0.177323	0.800173	0.0663415	
0	0	0	1	
531
0.684132	0.440843	-0.581052	0.252612	
-0.455912	0.880316	0.131102	-0.0733442	
0.569305	0.175218	0.803238	0.0657998	
0	0	0	1	
532
0.688993	0.436446	-0.578623	0.252197	
-0.452295	0.882741	0.127269	-0.0712038	
0.56632	0.174021	0.805604	0.0658057	
0	0	0	1	
533
0.697301	0.434633	-0.56997	0.248218	
-0.447243	0.885224	0.127875	-0.0715879	
0.56013	0.165748	0.811654	0.062964	
0	0	0	1	
534
0.700851	0.430242	-0.568946	0.247663	
-0.444906	0.887119	0.122794	-0.0691095	
0.557554	0.167067	0.813155	0.0630953	
0	0	0	1	
535
0.705086	0.426973	-0.566169	0.246713	
-0.439217	0.889777	0.124037	-0.0700248	
0.556725	0.161214	0.814903	0.0630571	
0	0	0	1	
536
0.707461	0.42352	-0.565801	0.246832	
-0.436545	0.891449	0.121435	-0.0689719	
0.555813	0.161087	0.815551	0.0636011	
0	0	0	1	
537
0.708686	0.421653	-0.565662	0.247156	
-0.435391	0.892258	0.119626	-0.0680419	
0.555157	0.161506	0.815914	0.0639538	
0	0	0	1	
538
0.708368	0.423332	-0.564805	0.246395	
-0.437669	0.891217	0.119069	-0.0677515	
0.55377	0.162853	0.816589	0.0640838	
0	0	0	1	
539
0.709527	0.425536	-0.561685	0.244271	
-0.437386	0.8909	0.12244	-0.0690795	
0.552508	0.158799	0.818241	0.0634162	
0	0	0	1	
540
0.708829	0.426835	-0.561581	0.242754	
-0.436473	0.890827	0.126164	-0.0709267	
0.554123	0.155686	0.817747	0.0641988	
0	0	0	1	
541
0.7073	0.429309	-0.561623	0.242036	
-0.441085	0.888863	0.123958	-0.070215	
0.552423	0.160048	0.818055	0.0639304	
0	0	0	1	
542
0.705914	0.431153	-0.561954	0.241122	
-0.440883	0.888419	0.127803	-0.0727955	
0.554353	0.157538	0.817236	0.065307	
0	0	0	1	
543
0.704015	0.431975	-0.563703	0.24027	
-0.444761	0.886989	0.124248	-0.0713673	
0.55367	0.16324	0.816579	0.0651577	
0	0	0	1	
544
0.702331	0.433493	-0.564637	0.239364	
-0.446474	0.886038	0.124892	-0.0719896	
0.554429	0.16438	0.815835	0.0653619	
0	0	0	1	
545
0.700399	0.435018	-0.565862	0.239822	
-0.445897	0.885737	0.129016	-0.0742879	
0.55733	0.161953	0.814343	0.0666684	
0	0	0	1	
546
0.701902	0.436309	-0.562999	0.23939	
-0.448419	0.884805	0.126649	-0.0738007	
0.553403	0.163565	0.816696	0.0652327	
0	0	0	1	
547
0.701732	0.43869	-0.561359	0.238672	
-0.449165	0.884033	0.12937	-0.0758943	
0.553013	0.161359	0.817398	0.0661407	
0	0	0	1	
548
0.701633	0.438796	-0.5614	0.23858	
-0.450997	0.883462	0.126871	-0.0751606	
0.551646	0.164173	0.817762	0.0654383	
0	0	0	1	
549
0.701823	0.441709	-0.558871	0.237257	
-0.452394	0.882395	0.129299	-0.0766581	
0.550258	0.162085	0.819112	0.0649695	
0	0	0	1	
550
0.701033	0.443446	-0.558487	0.237836	
-0.451179	0.882284	0.134209	-0.0794464	
0.552259	0.157892	0.818584	0.0663513	
0	0	0	1	
551
0.702097	0.444203	-0.556546	0.237695	
-0.452279	0.88186	0.133288	-0.0798019	
0.550003	0.158133	0.820056	0.0662193	
0	0	0	1	
552
0.703167	0.444272	-0.555138	0.236552	
-0.452417	0.881878	0.132705	-0.0800195	
0.548521	0.15784	0.821104	0.0663548	
0	0	0	1	
553
0.702497	0.443065	-0.556949	0.237116	
-0.450072	0.882791	0.13459	-0.0816425	
0.551302	0.156118	0.819569	0.0681774	
0	0	0	1	
554
0.703331	0.442394	-0.556429	0.236986	
-0.45071	0.882827	0.132199	-0.0813837	
0.549715	0.157809	0.820311	0.0689762	
0	0	0	1	
555
0.703455	0.445575	-0.553727	0.234145	
-0.45364	0.881233	0.13281	-0.0826072	
0.547139	0.157767	0.822039	0.0689999	
0	0	0	1	
556
0.702533	0.444045	-0.556121	0.232674	
-0.451942	0.882025	0.133343	-0.0834296	
0.549723	0.157656	0.820335	0.0707496	
0	0	0	1	
557
0.697939	0.444995	-0.561125	0.231815	
-0.456785	0.880061	0.129767	-0.0822604	
0.55157	0.165744	0.817496	0.0714868	
0	0	0	1	
558
0.695328	0.446326	-0.563305	0.231408	
-0.458829	0.878954	0.130061	-0.0822338	
0.553169	0.168026	0.815949	0.073122	
0	0	0	1	
559
0.69453	0.451322	-0.5603	0.228875	
-0.461058	0.877048	0.13495	-0.0840518	
0.552316	0.164604	0.817222	0.0727918	
0	0	0	1	
560
0.692241	0.453467	-0.5614	0.228338	
-0.46076	0.876445	0.139798	-0.0857062	
0.55543	0.161897	0.815651	0.0734417	
0	0	0	1	
561
0.69091	0.455228	-0.561614	0.228792	
-0.462153	0.875502	0.141106	-0.0859437	
0.55593	0.16206	0.815278	0.0751269	
0	0	0	1	
562
0.69177	0.45853	-0.557857	0.22812	
-0.464553	0.874031	0.142341	-0.0871722	
0.552852	0.160687	0.81764	0.0729722	
0	0	0	1	
563
0.694168	0.461557	-0.552356	0.22529	
-0.466546	0.872853	0.143042	-0.0886846	
0.548148	0.158404	0.821244	0.0704736	
0	0	0	1	
564
0.69513	0.458353	-0.553811	0.225146	
-0.467021	0.873596	0.136824	-0.086881	
0.546521	0.163531	0.821323	0.0686274	
0	0	0	1	
565
0.697221	0.455496	-0.55354	0.224161	
-0.466592	0.874573	0.131963	-0.0864067	
0.54422	0.16627	0.822301	0.067234	
0	0	0	1	
566
0.703417	0.451424	-0.549018	0.221024	
-0.465052	0.876441	0.124806	-0.0841585	
0.537523	0.167531	0.826439	0.0629512	
0	0	0	1	
567
0.705225	0.445865	-0.551237	0.221179	
-0.462472	0.878612	0.118997	-0.0810435	
0.53738	0.171012	0.825819	0.0628853	
0	0	0	1	
568
0.711686	0.443686	-0.544651	0.218641	
-0.460869	0.880027	0.114683	-0.0783946	
0.530191	0.169395	0.830784	0.0604287	
0	0	0	1	
569
0.718056	0.43729	-0.541454	0.21869	
-0.454584	0.883773	0.110901	-0.0749217	
0.527019	0.166503	0.833383	0.0580978	
0	0	0	1	
570
0.726818	0.434196	-0.532174	0.215734	
-0.447771	0.887079	0.112216	-0.0740432	
0.520804	0.156732	0.839165	0.0551423	
0	0	0	1	
571
0.73572	0.428973	-0.524117	0.21319	
-0.441783	0.890511	0.10871	-0.0715568	
0.513366	0.151566	0.844679	0.0514314	
0	0	0	1	
572
0.742719	0.420866	-0.520807	0.212608	
-0.433176	0.895103	0.105588	-0.0697708	
0.510614	0.147178	0.847119	0.0496923	
0	0	0	1	
573
0.750011	0.416298	-0.513984	0.210203	
-0.429095	0.897609	0.100872	-0.0680133	
0.50335	0.144893	0.851848	0.0465339	
0	0	0	1	
574
0.761101	0.408951	-0.503473	0.206399	
-0.421737	0.901738	0.0949059	-0.0658107	
0.492813	0.1401	0.858783	0.0420491	
0	0	0	1	
575
0.769848	0.401024	-0.496502	0.203126	
-0.413908	0.90587	0.0898886	-0.0640799	
0.485814	0.136305	0.863369	0.0389107	
0	0	0	1	
576
0.778393	0.391524	-0.490727	0.199984	
-0.405298	0.910368	0.0834467	-0.0612668	
0.479414	0.133936	0.867308	0.0352606	
0	0	0	1	
577
0.787047	0.381593	-0.48471	0.198623	
-0.395782	0.915049	0.0777322	-0.0587235	
0.473195	0.130661	0.871214	0.0326466	
0	0	0	1	
578
0.797815	0.373541	-0.473242	0.195116	
-0.390198	0.918289	0.0670122	-0.0540836	
0.459605	0.131195	0.87838	0.0287379	
0	0	0	1	
579
0.807616	0.363144	-0.464633	0.19279	
-0.379282	0.923183	0.0622731	-0.0513294	
0.451555	0.125934	0.883311	0.0251217	
0	0	0	1	
580
0.819301	0.353307	-0.451576	0.188293	
-0.369455	0.927594	0.0554299	-0.0481126	
0.438463	0.121423	0.890509	0.0205689	
0	0	0	1	
581
0.831537	0.339901	-0.439334	0.18481	
-0.356012	0.933238	0.0481913	-0.0449702	
0.426383	0.116335	0.89703	0.0169887	
0	0	0	1	
582
0.843361	0.329284	-0.424635	0.179462	
-0.344967	0.937675	0.0419889	-0.042505	
0.411996	0.111073	0.90439	0.0124146	
0	0	0	1	
583
0.852669	0.317967	-0.414551	0.175378	
-0.33516	0.941588	0.0328393	-0.0385603	
0.400779	0.11094	0.909433	0.00857162	
0	0	0	1	
584
0.860902	0.306974	-0.405727	0.171889	
-0.324688	0.945453	0.0263843	-0.0358431	
0.391695	0.10902	0.913613	0.0056088	
0	0	0	1	
585
0.870125	0.295693	-0.394268	0.168186	
-0.312776	0.949575	0.0218849	-0.0337798	
0.380858	0.104275	0.918735	0.00291532	
0	0	0	1	
586
0.878596	0.284143	-0.383839	0.165372	
-0.302075	0.953179	0.0141649	-0.0297973	
0.369892	0.103503	0.923291	0.000443697	
0	0	0	1	
587
0.889142	0.273896	-0.366617	0.15828	
-0.29134	0.956585	0.00808078	-0.026479	
0.352914	0.0996253	0.930337	-0.00379115	
0	0	0	1	
588
0.899227	0.263183	-0.349465	0.150909	
-0.281206	0.959647	-0.000873119	-0.0216897	
0.335133	0.0990566	0.936949	-0.00790632	
0	0	0	1	
589
0.905797	0.251812	-0.340768	0.147777	
-0.268888	0.963167	-0.0029963	-0.0200481	
0.327462	0.0943424	0.940143	-0.00996524	
0	0	0	1	
590
0.913764	0.241895	-0.326377	0.14164	
-0.25915	0.965788	-0.00975189	-0.0163661	
0.312852	0.0934913	0.945189	-0.0137405	
0	0	0	1	
591
0.919595	0.230294	-0.318293	0.138622	
-0.246526	0.969073	-0.0110954	-0.0152043	
0.305894	0.0886706	0.947927	-0.015625	
0	0	0	1	
592
0.925778	0.220674	-0.306983	0.133961	
-0.237266	0.97129	-0.017322	-0.012096	
0.294347	0.0888729	0.951557	-0.0177456	
0	0	0	1	
593
0.932129	0.211478	-0.293961	0.129143	
-0.227877	0.973435	-0.0222852	-0.00943763	
0.281439	0.0877596	0.955558	-0.0204574	
0	0	0	1	
594
0.937709	0.199809	-0.284214	0.126213	
-0.215436	0.976211	-0.0244881	-0.00795232	
0.27256	0.0841925	0.958448	-0.02236	
0	0	0	1	
595
0.942949	0.191728	-0.272189	0.12149	
-0.206011	0.97824	-0.0246204	-0.00780245	
0.261546	0.0792895	0.961929	-0.023791	
0	0	0	1	
596
0.947889	0.181366	-0.26194	0.116962	
-0.194857	0.98048	-0.0262519	-0.00659014	
0.252066	0.0759248	0.964727	-0.0254214	
0	0	0	1	
597
0.952877	0.169626	-0.251502	0.112961	
-0.182627	0.982751	-0.0291086	-0.00513992	
0.242226	0.0736679	0.967419	-0.0267778	
0	0	0	1	
598
0.958761	0.161826	-0.233645	0.104944	
-0.174292	0.984121	-0.0335861	-0.00389293	
0.2245	0.0729234	0.971742	-0.0306289	
0	0	0	1	
599
0.962726	0.148907	-0.225798	0.100659	
-0.162248	0.985872	-0.0416183	4.38467e-005	
0.216411	0.0767021	0.973285	-0.0313528	
0	0	0	1	
600
0.966519	0.137752	-0.216487	0.0960066	
-0.1502	0.98776	-0.0420599	0.000296451	
0.208043	0.073168	0.975379	-0.0324919	
0	0	0	1	
601
0.970548	0.126134	-0.205248	0.0911613	
-0.13799	0.989435	-0.0444551	0.00076738	
0.197472	0.0714679	0.9777	-0.0335808	
0	0	0	1	
602
0.974767	0.114351	-0.191712	0.0851279	
-0.125314	0.991049	-0.0460307	0.00137557	
0.184733	0.0688935	0.980371	-0.0354062	
0	0	0	1	
603
0.978359	0.101047	-0.180565	0.0803309	
-0.111324	0.992639	-0.0476913	0.00162031	
0.174417	0.0667603	0.982406	-0.0358375	
0	0	0	1	
604
0.981568	0.090284	-0.168442	0.0746853	
-0.099956	0.993743	-0.0498367	0.00185215	
0.162888	0.0657548	0.984451	-0.0368755	
0	0	0	1	
605
0.984731	0.0810936	-0.154043	0.0680007	
-0.0900733	0.994565	-0.0522262	0.00234662	
0.148971	0.0653039	0.986683	-0.0380468	
0	0	0	1	
606
0.986751	0.069706	-0.146508	0.0646566	
-0.0779788	0.995624	-0.0514967	0.00113621	
0.142277	0.0622389	0.987868	-0.0371675	
0	0	0	1	
607
0.988867	0.0636633	-0.134493	0.0586946	
-0.0720241	0.995701	-0.0582391	0.00291135	
0.130207	0.0672774	0.989202	-0.0373758	
0	0	0	1	
608
0.990166	0.0554571	-0.128432	0.0550673	
-0.0637383	0.996083	-0.0612905	0.00341293	
0.12453	0.0688738	0.989823	-0.037624	
0	0	0	1	
609
0.991514	0.0475256	-0.121	0.0505935	
-0.0555685	0.996402	-0.0639869	0.00400385	
0.117523	0.0701677	0.990588	-0.0380648	
0	0	0	1	
610
0.992821	0.0412126	-0.112287	0.0454228	
-0.0489344	0.996559	-0.0669023	0.00493589	
0.109143	0.0719166	0.991421	-0.0384732	
0	0	0	1	
611
0.993831	0.0336636	-0.105676	0.0414191	
-0.0413605	0.996582	-0.0715086	0.00676905	
0.102908	0.0754384	0.991826	-0.0379542	
0	0	0	1	
612
0.994753	0.027437	-0.0985617	0.037288	
-0.0346555	0.996781	-0.0722894	0.00739373	
0.0962611	0.0753258	0.992502	-0.0383893	
0	0	0	1	
613
0.995549	0.0199539	-0.0921035	0.0331551	
-0.0265123	0.997156	-0.0705419	0.00762922	
0.090434	0.0726698	0.993248	-0.0374449	
0	0	0	1	
614
0.996349	0.011659	-0.084573	0.0284862	
-0.0176183	0.997387	-0.0700632	0.00917834	
0.0835352	0.0712975	0.993951	-0.0366895	
0	0	0	1	
615
0.996748	0.00446377	-0.0804635	0.0259084	
-0.00973577	0.997821	-0.0652478	0.00844134	
0.0799969	0.0658189	0.99462	-0.035343	
0	0	0	1	
616
0.997723	-0.000320217	-0.0674388	0.0184818	
-0.00409495	0.997856	-0.0653207	0.00986788	
0.0673152	0.0654482	0.995583	-0.0348314	
0	0	0	1	
617
0.997868	-0.00601056	-0.0649952	0.0155709	
0.0021889	0.998272	-0.0587113	0.00809081	
0.0652358	0.0584438	0.996157	-0.0335866	
0	0	0	1	
618
0.997904	-0.0134098	-0.0633005	0.0141373	
0.00944669	0.998	-0.062497	0.0107568	
0.064012	0.0617681	0.996036	-0.032725	
0	0	0	1	
619
0.998266	-0.0134961	-0.0572951	0.0106614	
0.0104955	0.998573	-0.0523525	0.00659648	
0.0579199	0.0516604	0.996984	-0.0321862	
0	0	0	1	
620
0.998367	-0.0169973	-0.0545345	0.00851	
0.0141316	0.99852	-0.0525107	0.00752398	
0.0553464	0.0516543	0.99713	-0.0310327	
0	0	0	1	
621
0.998376	-0.0207441	-0.0530654	0.00753849	
0.0178101	0.998318	-0.0551776	0.0092278	
0.0541208	0.0541428	0.997065	-0.0302751	
0	0	0	1	
622
0.998491	-0.022014	-0.0503167	0.00567093	
0.0192453	0.998308	-0.0548619	0.009123	
0.0514394	0.0538107	0.997225	-0.0291824	
0	0	0	1	
623
0.99848	-0.0243743	-0.0494408	0.00413525	
0.0216828	0.998291	-0.054264	0.00923145	
0.050679	0.0531095	0.997302	-0.0287403	
0	0	0	1	
624
0.99814	-0.0277887	-0.0542616	0.00619715	
0.0250269	0.998388	-0.0509301	0.0079696	
0.0555895	0.0494774	0.997227	-0.0273111	
0	0	0	1	
625
0.998438	-0.0291233	-0.0476768	0.00290245	
0.0266263	0.998282	-0.0521944	0.00872371	
0.0491149	0.0508433	0.997498	-0.0270219	
0	0	0	1	
626
0.998415	-0.0316851	-0.0465097	0.00149382	
0.0293182	0.998282	-0.0507192	0.00830156	
0.0480369	0.0492752	0.997629	-0.0263944	
0	0	0	1	
627
0.99835	-0.0336879	-0.046498	0.000382636	
0.0313018	0.998201	-0.0511242	0.00912132	
0.0481367	0.0495844	0.997609	-0.0255339	
0	0	0	1	
628
0.998395	-0.0343199	-0.0450586	-0.00102781	
0.0321619	0.99834	-0.0477766	0.00816627	
0.0466236	0.0462506	0.997841	-0.0246972	
0	0	0	1	
629
0.998354	-0.0374051	-0.0434746	-0.00166091	
0.0352529	0.998163	-0.0492605	0.00916409	
0.0452373	0.0476469	0.997839	-0.0241019	
0	0	0	1	
630
0.998221	-0.0423663	-0.0419626	-0.00183521	
0.0404052	0.998099	-0.0465294	0.00856925	
0.0438541	0.044751	0.998035	-0.0237972	
0	0	0	1	
631
0.998303	-0.0446013	-0.0374326	-0.00340856	
0.0429118	0.998074	-0.0447844	0.00905053	
0.039358	0.0431021	0.998295	-0.0229195	
0	0	0	1	
632
0.99833	-0.0475072	-0.0328598	-0.00497898	
0.0461774	0.998128	-0.0401061	0.0085746	
0.0347036	0.0385217	0.998655	-0.0222183	
0	0	0	1	
633
0.998166	-0.0518126	-0.0312991	-0.00471576	
0.0505566	0.997933	-0.0396681	0.00947541	
0.0332897	0.038013	0.998723	-0.0218189	
0	0	0	1	
634
0.998262	-0.0526006	-0.0265859	-0.0055017	
0.0516153	0.998	-0.036481	0.0086279	
0.0284517	0.0350454	0.998981	-0.0222939	
0	0	0	1	
635
0.998362	-0.0524881	-0.022766	-0.00634885	
0.051633	0.997993	-0.0366507	0.00937923	
0.0246441	0.0354152	0.999069	-0.0221143	
0	0	0	1	
636
0.99827	-0.0551327	-0.0204331	-0.00653562	
0.0544248	0.997948	-0.0337166	0.00822128	
0.0222501	0.0325462	0.999223	-0.0221211	
0	0	0	1	
637
0.998103	-0.0580564	-0.0204818	-0.00524005	
0.05727	0.997669	-0.0370938	0.0105755	
0.0225876	0.0358505	0.999102	-0.022908	
0	0	0	1	
638
0.998094	-0.0589638	-0.0182245	-0.00481723	
0.0583517	0.997768	-0.0324715	0.00928533	
0.0200984	0.0313462	0.999306	-0.022863	
0	0	0	1	
639
0.998103	-0.0601354	-0.0132313	-0.00569844	
0.0597197	0.997769	-0.0298438	0.00816535	
0.0149964	0.028997	0.999467	-0.0243697	
0	0	0	1	
640
0.998158	-0.0595941	-0.0113732	-0.00586254	
0.0591988	0.99772	-0.0323975	0.0108662	
0.013278	0.0316645	0.99941	-0.0244242	
0	0	0	1	
